Date	Time	Date calibrated	Time calibrated	[CH4] dissolved with water vapour (ppm)	[CH4] dissolved with water vapour (nmol/L)	[CH4] dissolved with constant dry gas flow (ppm)	[CH4] dissolved with constant dry gas flow (nmol/L)	[N2O] dissolved with water vapour (ppm)	[N2O] dissolved with water vapour (nmol/L)	[N2O] dissolved with constant dry gas flow (ppm)	[N2O] dissolved with constant dry gas flow (nmol/L)	[NH3] dissolved (ppm)	Depth (meter)	Hydrostatic Pressure Calibrated (bar)	Carrier gas pressure calibrated (bar)	[CH4] measured (ppm)	[N2O] measured (ppm)	[NH3] measured (ppm)	[H2O] measured (%)	Flow Carrier Gas (sccm)	Total Flow (sccm)	Cavity Pressure (mbar)	Cellule Temperature (Degree Celsius)	Hydrostatic pressure (bar)	LShift	Error Standard	Ringdown Time (microSec)	Box Temperature (Degree Celsius)	Carrier gas pressure (dbar)	PWM Cellule Temperature	PWM Cellule Pressure	Laser Temperature (Degree Celsius)	Laser Flux	Norm Signal	Value Max
2024/12/11	09:58:14	2024/12/11	09:58:26	8.25952	10.0955	139.322	170.293	0.532549	0.650931	8.98309	10.98	1.05318	-1.30524	-0.128	44.5495	3.83	0.288	0.855	-1.547	2	6.35375	30	34.283	-0.08	-40.215	0.036	26.89	16.319	445.495	100	0	48.335	52.121	0.887	0.715
2024/12/11	09:58:15	2024/12/11	09:58:27	8.36195	10.2207	140.611	171.867	0.316303	0.386615	5.31881	6.50114	1.21883	-1.23997	-0.1216	44.5959	3.234	1.769	-0.369	40.772	1.99937	6.365	30	34.302	-0.076	-40.41	0.0468	26.955	16.324	445.959	100	0	48.34	52.129	0.882	0.7124
2024/12/11	09:58:16	2024/12/11	09:58:28	12.1203	14.8145	136.537	166.888	0.650563	0.795178	7.32869	8.9578	1.66743	-1.43576	-0.1408	44.5983	3.277	1.463	-0.28	35.731	2	6.43281	30	34.297	-0.088	-40.469	0.0376	26.57	16.326	445.983	100	0	48.334	52.129	0.876	0.6981
2024/12/11	09:58:17	2024/12/11	09:58:29	12.1898	14.8995	114.314	139.725	4.07336	4.97884	38.1994	46.6908	-0.753619	-1.3705	-0.1344	44.6056	3.987	0.223	0.894	-8.441	2.00031	6.40156	30	34.317	-0.084	-40.42	0.0364	26.627	16.329	446.056	100	0	48.336	52.129	0.883	0.7049
2024/12/11	09:58:18	2024/12/11	09:58:31	7.85883	9.60578	127.409	155.731	0.194341	0.237541	3.15069	3.85106	1.41449	-1.43576	-0.1408	44.5617	3.845	0.255	0.869	-1.539	2	6.32781	30	34.305	-0.088	-40.492	0.0365	26.666	16.331	445.617	100	0	48.336	52.125	0.887	0.7087
2024/12/11	09:58:19	2024/12/11	09:58:31	7.8351	9.57678	128.195	156.692	0.193754	0.236824	3.17014	3.87484	1.41022	-1.23997	-0.1216	44.5544	3.259	1.353	-0.271	26.042	2	6.36688	30	34.324	-0.076	-40.699	0.0388	26.642	16.335	445.544	100	0	48.337	52.117	0.879	0.7024
2024/12/11	09:58:20	2024/12/11	09:58:32	7.59997	9.28938	127.931	156.369	0.345805	0.422674	5.82097	7.11493	1.25374	-1.3705	-0.1344	44.591	3.266	1.54	-0.343	28.664	2	6.3875	30	34.317	-0.084	-40.766	0.0459	26.949	16.335	445.91	100	0	48.336	52.125	0.893	0.7213
2024/12/11	09:58:21	2024/12/11	09:58:33	10.401	12.713	112.153	137.084	3.27731	4.00583	35.3391	43.1946	-0.701809	-1.3705	-0.1344	44.5178	3.789	0.224	0.965	1.764	2	6.37	30	34.335	-0.084	-40.7	0.0383	26.928	16.335	445.178	100	0	48.333	52.125	0.891	0.7195
2024/12/11	09:58:22	2024/12/11	09:58:34	8.20679	10.0311	112.081	136.995	2.50815	3.06569	34.2539	41.8683	-0.621066	-1.30524	-0.128	44.4885	3.707	0.275	0.799	0.594	1.99969	6.34875	30	34.328	-0.08	-40.778	0.0359	26.643	16.336	444.885	100	0	48.333	52.125	0.88	0.7032
2024/12/11	09:58:23	2024/12/11	09:58:35	8.51521	10.4081	121.704	148.757	0.395718	0.483682	5.6558	6.91303	1.31232	-1.23997	-0.1216	44.5617	3.226	1.6	-0.347	33.52	1.99969	6.35375	30	34.345	-0.076	-40.971	0.0434	26.662	16.338	445.617	100	0	48.336	52.121	0.886	0.7084
2024/12/11	09:58:25	2024/12/11	09:58:37	8.29915	10.144	115.859	141.614	2.32603	2.84309	32.4723	39.6906	-0.7133	-1.43576	-0.1408	44.5934	3.807	0.202	0.763	-2.065	2	6.39969	30	34.342	-0.088	-40.885	0.0446	26.642	16.342	445.934	100	0	48.337	52.125	0.885	0.7069
2024/12/11	09:58:26	2024/12/11	09:58:38	6.68843	8.17522	115.368	141.014	1.49015	1.8214	25.7035	31.4171	-0.551345	-1.3705	-0.1344	44.53	4.02	0.335	0.699	1.852	2.00031	6.37406	30	34.355	-0.084	-40.977	0.0332	26.63	16.342	445.3	100	0	48.333	52.117	0.887	0.7084
2024/12/11	09:58:27	2024/12/11	09:58:39	9.70157	11.8582	113.314	138.503	0.797276	0.974504	9.31215	11.3822	1.29224	-1.3705	-0.1344	44.508	4.05	0.198	0.805	2.187	1.99937	6.36313	30	34.355	-0.084	-41.029	0.0412	26.616	16.343	445.08	100	0	48.336	52.129	0.887	0.708
2024/12/11	09:58:28	2024/12/11	09:58:40	9.43043	11.5267	112.722	137.78	0.755126	0.922985	9.02606	11.0325	1.26988	-1.30524	-0.128	44.6008	3.892	0.27	0.73	21.64	2	6.38844	30	34.376	-0.08	-41.119	0.0391	26.665	16.345	446.008	100	0	48.335	52.129	0.887	0.709
2024/12/11	09:58:29	2024/12/11	09:58:41	6.75564	8.25736	127.761	156.161	1.07581	1.31496	20.3455	24.8681	-0.405739	-1.17471	-0.1152	44.5568	3.274	1.414	-0.276	27.657	1.99969	6.37312	30	34.362	-0.072	-41.303	0.0429	26.629	16.347	445.568	100	0	48.332	52.121	0.884	0.7057
2024/12/11	09:58:30	2024/12/11	09:58:42	6.29702	7.6968	125.463	153.353	0.950367	1.16163	18.9353	23.1445	-0.343672	-1.43576	-0.1408	44.5129	3.19	1.258	-0.255	18.58	2	6.3875	30	34.378	-0.088	-41.366	0.0379	26.944	16.35	445.129	100	0	48.333	52.125	0.895	0.7228
2024/12/11	09:58:31	2024/12/11	09:58:43	7.68441	9.39259	106.438	130.098	0.852688	1.04223	11.8107	14.4361	0.647516	-1.43576	-0.1408	44.5739	3.692	0.118	0.906	3.739	2.00031	6.35187	30	34.374	-0.088	-41.323	0.0445	26.623	16.352	445.739	100	0	48.329	52.129	0.879	0.7016
2024/12/11	09:58:32	2024/12/11	09:58:44	7.73975	9.46023	106.278	129.903	0.866361	1.05895	11.8964	14.5409	0.55904	-1.30524	-0.128	44.5446	3.673	0.216	0.826	2.417	2	6.35469	30	34.388	-0.08	-41.382	0.0372	26.884	16.352	445.446	100	0	48.338	52.125	0.877	0.7065
2024/12/11	09:58:33	2024/12/11	09:58:45	8.57864	10.4856	108.255	132.319	0.985071	1.20404	12.4307	15.194	0.550155	-1.43576	-0.1408	44.613	3.229	1.315	-0.297	22.645	1.99937	6.38094	30	34.393	-0.088	-41.574	0.0413	26.928	16.354	446.13	100	0	48.331	52.121	0.895	0.7222
2024/12/11	09:58:34	2024/12/11	09:58:46	5.64232	6.89656	128.725	157.339	0.707552	0.864835	16.1422	19.7305	-0.332274	-1.3705	-0.1344	44.5154	3.238	1.279	-0.334	12.689	1.99906	6.38094	30	34.402	-0.084	-41.661	0.0436	26.604	16.359	445.154	100	0	48.333	52.129	0.889	0.7092
2024/12/11	09:58:35	2024/12/11	09:58:47	5.70433	6.97236	138.02	168.701	0.639262	0.781365	15.4674	18.9056	-0.393072	-1.3705	-0.1344	44.5544	3.513	0.211	0.738	10.59	2.00031	6.39156	30	34.395	-0.084	-41.629	0.0377	26.888	16.357	445.544	100	0	48.338	52.129	0.875	0.7054
2024/12/11	09:58:36	2024/12/11	09:58:48	8.52206	10.4164	110.298	134.816	1.06807	1.30549	13.8236	16.8965	0.667735	-1.43576	-0.1408	44.591	3.425	0.191	0.729	10.743	1.99937	6.39219	30	34.414	-0.088	-41.681	0.0402	26.91	16.361	445.91	100	0	48.336	52.125	0.878	0.7085
2024/12/11	09:58:37	2024/12/11	09:58:49	5.49342	6.71456	124.959	152.737	0.782811	0.956823	17.8067	21.765	-0.345048	-1.43576	-0.1408	44.5422	3.321	1.203	-0.389	12.254	1.99969	6.39156	30	34.417	-0.088	-41.876	0.0466	26.856	16.363	445.422	100	0	48.332	52.129	0.873	0.7029
2024/12/11	09:58:38	2024/12/11	09:58:50	5.78946	7.07641	127.38	155.696	0.825483	1.00898	18.1624	22.1998	-0.357341	-1.3705	-0.1344	44.552	3.32	0.956	-0.373	0.832	2	6.4025	30	34.41	-0.084	-41.953	0.0457	26.922	16.364	445.52	100	0	48.337	52.125	0.892	0.7201
2024/12/11	09:58:39	2024/12/11	09:58:51	5.46176	6.67587	131.516	160.751	0.70301	0.859283	16.9281	20.6911	-0.317663	-1.23997	-0.1216	44.552	3.267	0.347	0.593	19.567	1.99969	6.39562	30	34.426	-0.076	-41.904	0.0389	26.993	16.368	445.52	100	0	48.332	52.125	0.9	0.7281
2024/12/11	09:58:40	2024/12/11	09:58:52	8.96504	10.9579	106.567	130.256	1.10378	1.34915	13.1206	16.0372	0.548393	-1.30524	-0.128	44.5398	3.237	0.335	0.594	18.9	2	6.36594	30	34.424	-0.08	-41.938	0.0718	26.811	16.366	445.398	100	0	48.335	52.125	0.858	0.6893
2024/12/11	09:58:41	2024/12/11	09:58:53	8.17758	9.99539	104.205	127.369	0.958219	1.17122	12.2103	14.9246	0.466683	-1.17471	-0.1152	44.5568	3.678	0.757	-0.301	-4.798	2.00031	6.35344	30	34.433	-0.072	-42.18	0.0435	26.874	16.366	445.568	100	0	48.334	52.129	0.864	0.6961
2024/12/11	09:58:42	2024/12/11	09:58:54	6.7628	8.26611	161.814	197.784	0.3027	0.369987	7.2427	8.85269	0.678205	-1.17471	-0.1152	44.552	3.604	0.703	-0.268	-8.017	1.99969	6.38875	30	34.441	-0.072	-42.254	0.0403	26.933	16.368	445.52	100	0	48.333	52.129	0.895	0.7227
2024/12/11	09:58:43	2024/12/11	09:58:55	5.99877	7.33225	141.455	172.899	0.532375	0.650717	12.5537	15.3443	-0.32708	-1.17471	-0.1152	44.5276	3.075	0.441	0.353	12.076	1.99937	6.40594	30	34.453	-0.072	-42.198	0.0409	26.744	16.373	445.276	100	0	48.332	52.125	0.899	0.7208
2024/12/11	09:58:44	2024/12/11	09:58:56	7.51353	9.18373	156.032	190.717	0.319885	0.390993	6.64301	8.11969	0.816774	-1.3705	-0.1344	44.5349	3.069	0.444	0.302	12.519	1.99969	6.3575	30	34.452	-0.084	-42.27	0.045	26.835	16.375	445.349	100	0	48.333	52.121	0.851	0.685
2024/12/11	09:58:45	2024/12/11	09:58:57	48.4948	59.2748	105.246	128.641	21.8731	26.7353	47.4703	58.0225	-3.86091	-1.23997	-0.1216	44.5593	3.113	0.462	0.272	16.589	2.00094	6.38656	30	34.445	-0.076	-42.348	0.0387	26.61	16.375	445.593	100	0	48.335	52.121	0.839	0.6697
2024/12/11	09:58:46	2024/12/11	09:58:58	6.58359	8.04706	150.417	183.854	0.388396	0.474734	8.87381	10.8464	0.912975	-1.23997	-0.1216	44.5983	3.702	0.6	-0.297	-17.877	2.00031	6.38281	30	34.455	-0.076	-42.522	0.0421	26.727	16.375	445.983	100	0	48.335	52.121	0.897	0.7185
2024/12/11	09:58:47	2024/12/11	09:58:59	29.6096	36.1915	113.731	139.013	13.6347	16.6655	52.3711	64.0128	-2.03616	-1.30524	-0.128	44.5495	3.963	0.574	-0.372	-22.389	1.99906	6.41062	30	34.462	-0.08	-42.605	0.0473	26.761	16.375	445.495	100	0	48.332	52.121	0.897	0.7197
2024/12/11	09:58:48	2024/12/11	09:59:00	39.8056	48.6541	114.969	140.526	17.9254	21.9101	51.7735	63.2823	-2.79675	-1.30524	-0.128	44.4885	3.167	0.513	0.338	15.632	2	6.39063	30	34.472	-0.08	-42.593	0.0408	26.531	16.378	444.885	100	0	48.334	52.132	0.832	0.6615
2024/12/11	09:58:49	2024/12/11	09:59:01	6.36478	7.77962	148.568	181.594	0.239915	0.293247	5.60017	6.84504	1.24487	-1.23997	-0.1216	44.5373	3.589	0.661	-0.307	-17.504	2.00062	6.36125	30	34.491	-0.076	-42.731	0.0399	26.613	16.382	445.373	100	0	48.334	52.125	0.847	0.6761
2024/12/11	09:58:50	2024/12/11	09:59:02	6.73817	8.23601	148.435	181.431	0.24966	0.305157	5.49976	6.72231	1.26094	-1.12577	-0.1104	44.5471	3.652	0.673	-0.307	-14.814	1.99969	6.40031	30	34.483	-0.069	-42.814	0.0419	26.774	16.385	445.471	100	0	48.335	52.125	0.896	0.7195
2024/12/11	09:58:51	2024/12/11	09:59:03	21.968	26.8513	115.038	140.61	8.55252	10.4537	44.7861	54.7417	-1.36121	-1.23997	-0.1216	44.5032	3.775	0.628	-0.299	-21.939	2	6.38719	30	34.493	-0.076	-42.869	0.0423	26.761	16.385	445.032	100	0	48.333	52.129	0.897	0.7196
2024/12/11	09:58:52	2024/12/11	09:59:04	74.3554	90.884	113.649	138.912	33.8735	41.4032	51.7741	63.283	-6.24129	-1.17471	-0.1152	44.5593	3.073	0.489	0.256	18.921	2	6.35969	29.9844	34.489	-0.072	-42.82	0.0424	26.524	16.385	445.593	100	0	48.339	52.125	0.838	0.6667
2024/12/11	09:58:53	2024/12/11	09:59:05	6.46783	7.90557	144.572	176.71	0.378296	0.462388	8.45588	10.3355	1.16226	-1.23997	-0.1216	44.5422	3.011	0.456	0.234	15.878	1.99969	6.37375	30	34.496	-0.076	-42.889	0.0421	26.726	16.389	445.422	100	0	48.334	52.125	0.897	0.7189
2024/12/11	09:58:54	2024/12/11	09:59:06	6.17904	7.55259	145.766	178.169	0.293612	0.35888	6.92645	8.46614	1.22363	-1.23997	-0.1216	44.4885	4.65	0.269	0.635	-21.545	2.00094	6.375	29.9844	34.501	-0.076	-42.873	0.0351	26.717	16.387	444.885	100	0	48.332	52.125	0.895	0.717
2024/12/11	09:58:55	2024/12/11	09:59:07	35.6561	43.5822	114.436	139.875	15.1863	18.5622	48.7398	59.5742	-2.21619	-1.3705	-0.1344	44.5276	4.054	0.465	-0.301	-20.082	2	6.37344	30	34.5	-0.084	-43.159	0.0435	26.735	16.389	445.276	100	0	48.335	52.129	0.894	0.7166
2024/12/11	09:58:56	2024/12/11	09:59:08	70.1579	85.7534	116.115	141.926	31.0118	37.9055	51.3262	62.7355	-4.55698	-1.17471	-0.1152	44.5373	4.507	0.248	0.667	-11.344	2	6.39156	30	34.526	-0.072	-42.981	0.0354	26.6	16.391	445.373	100	0	48.329	52.129	0.859	0.6851
2024/12/11	09:58:57	2024/12/11	09:59:09	7.48784	9.15232	154.981	189.432	0.457213	0.558847	9.46323	11.5668	0.728357	-1.30524	-0.128	44.5764	3.026	1.764	-0.328	52.031	2	6.36625	30	34.519	-0.08	-43.177	0.0407	26.567	16.391	445.764	100	0	48.333	52.129	0.866	0.69
2024/12/11	09:58:58	2024/12/11	09:59:10	7.47845	9.14084	162.027	198.044	0.388314	0.474633	8.41316	10.2833	0.7484	-1.17471	-0.1152	44.5544	4.328	0.33	0.817	-18.017	2	6.38375	30	34.536	-0.072	-43.143	0.0317	26.711	16.394	445.544	100	0	48.334	52.125	0.897	0.7179
2024/12/11	09:58:59	2024/12/11	09:59:11	5.95026	7.27296	148.73	181.791	0.583558	0.713278	14.5863	17.8287	-0.239332	-1.17471	-0.1152	44.5617	3.258	1.939	-0.305	46.565	2	6.39125	30	34.529	-0.072	-43.311	0.0405	26.955	16.394	445.617	100	0	48.333	52.121	0.859	0.6945
2024/12/11	09:59:00	2024/12/11	09:59:12	5.62476	6.8751	141.681	173.175	0.600241	0.73367	15.1193	18.4802	-0.274497	-1.54997	-0.152	44.5446	3.304	1.923	-0.316	49.661	2.00031	6.37844	30	34.536	-0.095	-43.377	0.0395	26.897	16.394	445.446	100	0	48.333	52.125	0.885	0.7136
2024/12/11	09:59:01	2024/12/11	09:59:13	6.14301	7.50855	105.672	129.162	0.878389	1.07365	15.1101	18.4689	0.494529	-1.30524	-0.128	44.6203	4.29	0.209	1.142	-20.068	2.00031	6.38656	30	34.553	-0.08	-43.357	0.0388	26.926	16.394	446.203	100	0	48.334	52.121	0.886	0.7153
2024/12/11	09:59:02	2024/12/11	09:59:14	7.55252	9.23139	107.181	131.006	0.991303	1.21166	14.068	17.1952	0.43222	-1.3705	-0.1344	44.5471	4.26	0.204	1.085	-14.965	2	6.38938	30	34.553	-0.084	-43.394	0.0393	26.903	16.398	445.471	100	0	48.333	52.117	0.887	0.7151
2024/12/11	09:59:03	2024/12/11	09:59:15	17.6414	21.5629	107.74	131.689	8.81932	10.7798	53.8614	65.8343	-1.36731	-1.23997	-0.1216	44.5446	3.309	1.665	-0.279	41.736	2	6.42344	30	34.575	-0.076	-43.589	0.0363	26.939	16.401	445.446	100	0	48.335	52.129	0.89	0.7184
2024/12/11	09:59:04	2024/12/11	09:59:16	6.40065	7.82346	141.871	173.408	0.847445	1.03583	18.7837	22.9592	-0.295355	-1.17471	-0.1152	44.6081	3.283	1.933	-0.375	54.157	1.99969	6.39313	29.9844	34.569	-0.072	-43.647	0.0452	26.645	16.401	446.081	100	0	48.335	52.129	0.883	0.7054
2024/12/11	09:59:05	2024/12/11	09:59:17	8.27933	10.1198	105.864	129.397	1.01812	1.24444	13.0182	15.9121	0.564869	-1.43576	-0.1408	44.5349	4.167	0.315	1.019	-16.493	2.00031	6.40313	30	34.567	-0.088	-43.632	0.0356	26.876	16.403	445.349	100	0	48.335	52.125	0.88	0.7094
2024/12/11	09:59:06	2024/12/11	09:59:18	8.45157	10.3303	108.079	132.103	0.965658	1.18032	12.3488	15.0939	0.678412	-1.30524	-0.128	44.5422	4.201	0.258	1.132	-20.699	1.99969	6.37906	30	34.577	-0.08	-43.691	0.0375	26.955	16.403	445.422	100	0	48.336	52.125	0.892	0.7211
2024/12/11	09:59:07	2024/12/11	09:59:19	5.39167	6.59019	127.91	156.343	0.809613	0.989584	19.2069	23.4765	-0.353494	-1.23997	-0.1216	44.5373	3.299	1.816	-0.279	48.534	1.99969	6.39187	30	34.581	-0.076	-43.867	0.0401	26.964	16.406	445.373	100	0	48.335	52.121	0.894	0.7231
2024/12/11	09:59:08	2024/12/11	09:59:20	6.74292	8.24182	126.408	154.507	1.18709	1.45097	22.254	27.2009	-0.415665	-1.43576	-0.1408	44.5544	3.338	1.907	-0.295	53.913	2.00062	6.38719	30	34.584	-0.088	-43.917	0.0382	26.866	16.406	445.544	100	0	48.336	52.125	0.886	0.7139
2024/12/11	09:59:09	2024/12/11	09:59:21	8.58644	10.4951	107.799	131.762	0.803324	0.981897	10.0854	12.3273	0.861593	-1.23997	-0.1216	44.5227	4.473	0.353	0.592	-10.997	1.99906	6.40813	30	34.584	-0.076	-43.868	0.0393	26.895	16.408	445.227	100	0	48.333	52.125	0.871	0.7025
2024/12/11	09:59:10	2024/12/11	09:59:22	9.08799	11.1082	111.557	136.356	0.763255	0.93292	9.36915	11.4518	1.10724	-1.30524	-0.128	44.53	4.664	0.313	0.635	-14.018	2	6.39906	30	34.594	-0.08	-43.949	0.0377	26.869	16.408	445.3	100	0	48.335	52.125	0.87	0.7005
2024/12/11	09:59:11	2024/12/11	09:59:23	8.83664	10.801	112.347	137.321	0.814294	0.995305	10.3527	12.6541	0.958631	-1.43576	-0.1408	44.4763	4.276	0.542	-0.234	-25.182	2.00031	6.37437	30	34.589	-0.088	-44.246	0.0421	27.018	16.412	444.763	100	0	48.334	52.125	0.898	0.7271
2024/12/11	09:59:12	2024/12/11	09:59:24	7.60048	9.29	193.592	236.626	0.255819	0.312686	6.51597	7.96442	0.224118	-1.61523	-0.1584	44.5788	4.082	0.563	-0.271	-26.076	2.00031	6.39969	30	34.601	-0.099	-44.353	0.0414	26.584	16.412	445.788	100	0	48.338	52.121	0.869	0.6929
2024/12/11	09:59:13	2024/12/11	09:59:25	7.3059	8.92994	186.51	227.969	0.353165	0.43167	9.01582	11.02	0.210505	-1.3705	-0.1344	44.5642	3.041	0.562	0.333	1.164	1.99969	6.3975	30	34.612	-0.084	-44.235	0.0418	26.578	16.415	445.642	100	0	48.338	52.121	0.858	0.6835
2024/12/11	09:59:14	2024/12/11	09:59:26	7.02971	8.59236	180.337	220.425	0.292276	0.357247	7.49791	9.16464	0.125522	-1.17471	-0.1152	44.5471	3.083	0.523	0.24	11.418	1.99937	6.38906	30	34.61	-0.072	-44.301	0.0395	26.73	16.417	445.471	100	0	48.337	52.125	0.898	0.7199
2024/12/11	09:59:15	2024/12/11	09:59:27	9.55294	11.6765	113.05	138.18	3.01576	3.68614	35.6887	43.622	-0.656199	-1.3705	-0.1344	44.5642	3.083	1.992	-0.325	39.107	2.00031	6.40719	30	34.622	-0.084	-44.413	0.0392	26.766	16.419	445.642	100	0	48.336	52.121	0.898	0.7209
2024/12/11	09:59:16	2024/12/11	09:59:28	12.1033	14.7937	111.838	136.699	4.0271	4.92229	37.2116	45.4835	-0.942147	-1.23997	-0.1216	44.5276	4.079	0.698	-0.256	-15.571	2	6.3825	30	34.624	-0.076	-44.59	0.0405	26.762	16.42	445.276	100	0	48.338	52.121	0.899	0.7214
2024/12/11	09:59:17	2024/12/11	09:59:29	7.13522	8.72133	133.065	162.644	0.325	0.397245	6.06093	7.40823	1.41283	-1.30524	-0.128	44.5715	3.039	0.483	0.282	16.337	1.99969	6.37656	29.9844	34.624	-0.08	-44.512	0.0455	26.523	16.422	445.715	100	0	48.335	52.125	0.844	0.6707
2024/12/11	09:59:18	2024/12/11	09:59:30	6.77184	8.27717	143.475	175.368	0.326202	0.398714	6.91121	8.44752	1.19498	-1.50102	-0.1472	44.5227	3.115	0.46	0.34	16.086	2	6.39344	30	34.648	-0.092	-44.567	0.0429	26.524	16.426	445.227	100	0	48.332	52.121	0.832	0.6613
2024/12/11	09:59:19	2024/12/11	09:59:31	20.3815	24.9122	113.056	138.188	7.98606	9.76129	44.2985	54.1457	-1.2056	-1.43576	-0.1408	44.5666	3.679	0.714	-0.328	-20.889	2.00062	6.35687	29.9844	34.643	-0.088	-44.762	0.0439	27.074	16.426	445.666	100	0	48.332	52.129	0.895	0.7261
2024/12/11	09:59:20	2024/12/11	09:59:32	1795.81	2195	110.762	135.383	874.427	1068.8	53.933	65.9218	-150.1	-1.23997	-0.1216	44.5349	3.639	0.828	-0.305	-4.079	1.99937	6.35844	29.9844	34.658	-0.076	-44.809	0.043	27.035	16.426	445.349	100	0	48.334	52.129	0.898	0.7282
2024/12/11	09:59:21	2024/12/11	09:59:33	6.41431	7.84015	155.703	190.314	0.276331	0.337757	6.70773	8.1988	0.934623	-1.23997	-0.1216	44.5934	3.093	0.374	0.422	17.208	2	6.38	30.0156	34.653	-0.076	-44.773	0.0423	26.605	16.426	445.934	100	0	48.331	52.125	0.857	0.6838
2024/12/11	09:59:22	2024/12/11	09:59:34	5.96032	7.28525	168.493	205.947	0.16787	0.205186	4.74551	5.8004	0.896421	-1.12577	-0.1104	44.5861	3.206	0.348	0.531	18.054	2	6.41219	30	34.673	-0.069	-44.814	0.0441	26.636	16.429	445.861	100	0	48.338	52.125	0.852	0.6807
2024/12/11	09:59:23	2024/12/11	09:59:35	47.3402	57.8635	114.379	139.805	24.9405	30.4846	60.2591	73.6542	-3.47418	-1.17471	-0.1152	44.5178	3.241	0.386	0.478	16.287	1.99937	6.37844	30	34.667	-0.072	-44.871	0.0414	26.68	16.429	445.178	100	0	48.333	52.121	0.899	0.7192
2024/12/11	09:59:24	2024/12/11	09:59:36	35.7258	43.6673	117.049	143.068	18.0038	22.0058	58.986	72.0982	-2.2258	-1.30524	-0.128	44.5544	5.563	0.242	0.223	-26.712	1.99969	6.39687	30	34.673	-0.08	-44.92	0.0358	26.555	16.433	445.544	100	0	48.332	52.129	0.85	0.6766
2024/12/11	09:59:25	2024/12/11	09:59:37	26.1509	31.9641	114.462	139.906	13.358	16.3274	58.4677	71.4646	-1.8474	-1.50102	-0.1472	44.4836	5.362	0.335	0.21	-26.948	2.00062	6.39719	30	34.686	-0.092	-44.994	0.0314	26.507	16.434	444.836	100	0	48.337	52.125	0.826	0.6565
2024/12/11	09:59:26	2024/12/11	09:59:38	8.24582	10.0788	101.812	124.444	0.657753	0.803967	8.12134	9.92665	0.832341	-1.54997	-0.152	44.508	5.192	0.279	0.126	-27.528	2	6.37531	30	34.698	-0.095	-45.079	0.0453	26.639	16.436	445.08	100	0	48.332	52.125	0.872	0.6964
2024/12/11	09:59:27	2024/12/11	09:59:39	7.99339	9.77025	100.33	122.632	0.531212	0.649296	6.66756	8.14971	0.996592	-1.12577	-0.1104	44.5544	3.245	1.324	-0.303	19.636	2.00031	6.36906	30	34.68	-0.069	-45.264	0.0416	26.646	16.438	445.544	100	0	48.335	52.033	0.874	0.698
2024/12/11	09:59:28	2024/12/11	09:59:40	7.60266	9.29267	189.84	232.04	0.295087	0.360683	7.3684	9.00633	0.251069	-1.23997	-0.1216	44.5324	3.223	1.386	-0.341	28.215	1.99969	6.39719	30	34.692	-0.076	-45.298	0.042	26.951	16.44	445.324	100	0	48.332	52.125	0.888	0.7175
2024/12/11	09:59:29	2024/12/11	09:59:41	8.83231	10.7957	122.911	150.233	0.622653	0.761064	8.66488	10.591	1.30412	-1.43576	-0.1408	44.4983	3.839	0.226	1.033	-3.891	2.00031	6.38125	30	34.711	-0.088	-45.22	0.0398	26.896	16.44	444.983	100	0	48.332	52.121	0.882	0.7109
2024/12/11	09:59:30	2024/12/11	09:59:42	9.50067	11.6126	112.66	137.704	2.97741	3.63926	35.3065	43.1549	-0.696634	-1.3705	-0.1344	44.5129	4.128	0.257	0.99	-12.28	2.00031	6.37406	30	34.701	-0.084	-45.303	0.0382	26.917	16.441	445.129	100	0	48.33	52.129	0.885	0.7143
2024/12/11	09:59:31	2024/12/11	09:59:43	13.006	15.8972	113.973	139.308	4.92879	6.02442	43.1914	52.7925	-0.901903	-1.12577	-0.1104	44.4397	3.272	1.657	-0.263	40.619	2.00031	6.39438	30.0156	34.716	-0.069	-45.49	0.0367	26.981	16.443	444.397	100	0	48.335	52.121	0.888	0.7185
2024/12/11	09:59:32	2024/12/11	09:59:44	22.2666	27.2163	112.89	137.985	9.27915	11.3418	47.0448	57.5024	-1.5674	-1.23997	-0.1216	44.4763	3.205	2.017	-0.364	59.411	1.99969	6.3675	30	34.722	-0.076	-45.557	0.0476	26.874	16.445	444.763	100	0	48.335	52.121	0.859	0.6921
2024/12/11	09:59:33	2024/12/11	09:59:45	6.44472	7.87733	147.776	180.625	0.249964	0.305529	5.73161	7.0057	1.15612	-1.3705	-0.1344	44.5178	4.49	0.25	0.889	-23.015	1.99969	6.3725	29.9844	34.718	-0.084	-45.484	0.0353	26.628	16.447	445.178	100	0	48.335	52.121	0.87	0.6946
2024/12/11	09:59:34	2024/12/11	09:59:46	7.24345	8.85361	146.409	178.955	0.330609	0.404101	6.6825	8.16797	1.2992	-1.30524	-0.128	44.4714	4.835	0.176	0.988	-36.019	2.00031	6.38625	30	34.73	-0.08	-45.558	0.0383	26.99	16.448	444.714	100	0	48.332	52.125	0.897	0.7257
2024/12/11	09:59:35	2024/12/11	09:59:47	-45.5615	-55.6895	117.143	143.183	-25.099	-30.6783	64.5317	78.8766	3.72168	-1.23997	-0.1216	44.5446	3.3	2.247	-0.329	51.504	1.99937	6.43063	30	34.744	-0.076	-45.758	0.0425	26.994	16.45	445.446	100	0	48.332	52.117	0.899	0.7279
2024/12/11	09:59:36	2024/12/11	09:59:48	55.8241	68.2333	116.398	142.273	27.3045	33.3741	56.9324	69.588	-3.60628	-1.17471	-0.1152	44.5276	3.367	2.193	-0.285	48.664	2.00031	6.39406	30	34.735	-0.072	-45.819	0.0393	26.844	16.452	445.276	100	0	48.335	52.125	0.861	0.6926
2024/12/11	09:59:37	2024/12/11	09:59:49	8.03591	9.82223	104.601	127.853	0.970075	1.18571	12.6271	15.434	0.584769	-1.43576	-0.1408	44.5178	3.293	2.174	-0.316	44.934	1.99969	6.40719	30	34.753	-0.088	-45.885	0.0433	26.832	16.454	445.178	100	0	48.335	52.121	0.873	0.7021
2024/12/11	09:59:38	2024/12/11	09:59:50	6.26229	7.65434	126.358	154.447	1.06149	1.29745	21.4183	26.1794	-0.419724	-1.30524	-0.128	44.5398	2.939	0.303	0.403	17.591	2	6.39656	30	34.749	-0.08	-45.914	0.0484	26.921	16.454	445.398	100	0	48.334	52.121	0.85	0.6861
2024/12/11	09:59:39	2024/12/11	09:59:51	7.21749	8.82187	117.961	144.182	1.58479	1.93708	25.9014	31.6591	-0.570948	-1.50102	-0.1472	44.5495	2.899	0.249	0.491	16.819	2.00031	6.35656	30	34.747	-0.092	-45.949	0.043	26.881	16.454	445.495	100	0	48.332	52.129	0.859	0.6923
2024/12/11	09:59:40	2024/12/11	09:59:52	8.78762	10.741	116.888	142.872	0.616822	0.753936	8.20465	10.0285	1.3328	-1.17471	-0.1152	44.5202	5.462	0.274	0.245	-25.111	1.99969	6.40469	30	34.761	-0.072	-45.992	0.0473	26.846	16.459	445.202	100	0	48.333	52.121	0.832	0.6699
2024/12/11	09:59:41	2024/12/11	09:59:53	8.28841	10.1309	121.864	148.954	0.519377	0.634831	7.6364	9.33391	1.36219	-1.3705	-0.1344	44.5227	3.545	0.323	0.711	12.304	2.00031	6.37844	30	34.756	-0.084	-46.094	0.0394	26.619	16.461	445.227	100	0	48.334	52.121	0.835	0.6664
2024/12/11	09:59:42	2024/12/11	09:59:54	8.02812	9.81271	124.896	152.66	0.521515	0.637443	8.1134	9.91694	1.19066	-1.3705	-0.1344	44.5056	3.254	1.318	-0.324	19.263	1.99969	6.39625	30	34.787	-0.084	-46.279	0.0435	26.875	16.464	445.056	100	0	48.336	52.125	0.881	0.7099
2024/12/11	09:59:43	2024/12/11	09:59:55	6.53548	7.98826	173.655	212.257	0.361694	0.442095	9.61062	11.747	-0.0882696	-1.3705	-0.1344	44.53	3.281	1.607	-0.309	30.01	1.99937	6.37344	30	34.773	-0.084	-46.334	0.0416	26.679	16.466	445.3	100	0	48.336	52.125	0.88	0.7034
2024/12/11	09:59:44	2024/12/11	09:59:56	6.03545	7.37709	152.828	186.801	0.337421	0.412427	8.54407	10.4434	1.10144	-1.43576	-0.1408	44.5251	3.264	1.758	-0.312	42.423	2	6.39687	30	34.787	-0.088	-46.35	0.0404	26.703	16.468	445.251	100	0	48.333	52.117	0.891	0.7131
2024/12/11	09:59:45	2024/12/11	09:59:57	6.25626	7.64698	160.758	196.493	0.385499	0.471193	9.90558	12.1075	0.944665	-1.43576	-0.1408	44.5739	4.269	0.214	1.04	-18.586	2	6.37437	30	34.78	-0.088	-46.302	0.0429	26.644	16.469	445.739	100	0	48.34	52.125	0.892	0.7128
2024/12/11	09:59:46	2024/12/11	09:59:58	4.92843	6.02398	147.962	180.853	0.480684	0.587536	14.4312	17.6391	-0.347818	-1.43576	-0.1408	44.5398	4.221	0.249	1.028	-9.105	2	6.39844	30.0156	34.794	-0.088	-46.364	0.0411	26.662	16.471	445.398	100	0	48.334	52.125	0.9	0.7194
2024/12/11	09:59:47	2024/12/11	09:59:59	6.41833	7.84507	166.551	203.574	0.39189	0.479004	10.1693	12.4298	0.64092	-1.50102	-0.1472	44.508	3.354	2.388	-0.372	68.766	2	6.40656	30	34.796	-0.092	-46.541	0.0469	26.907	16.475	445.08	100	0	48.33	52.129	0.867	0.6997
2024/12/11	09:59:48	2024/12/11	10:00:00	9.74098	11.9063	108.823	133.013	0.951741	1.16331	10.6325	12.9961	0.899719	-1.23997	-0.1216	44.5202	3.352	2.119	-0.294	52.794	2.00031	6.41031	30.0156	34.804	-0.076	-46.609	0.0392	26.906	16.476	445.202	100	0	48.336	52.129	0.874	0.7049
2024/12/11	09:59:49	2024/12/11	10:00:01	6.95112	8.49629	118.412	144.734	1.51929	1.85701	25.8809	31.634	-0.503461	-1.17471	-0.1152	44.5227	3.006	0.469	0.297	15.69	2.00031	6.40031	30	34.801	-0.072	-46.647	0.044	26.705	16.476	445.227	100	0	48.332	52.125	0.9	0.7202
2024/12/11	09:59:50	2024/12/11	10:00:02	10.4587	12.7836	116.714	142.659	3.08858	3.77515	34.4672	42.1289	-0.894807	-1.30524	-0.128	44.5349	3.638	0.797	-0.331	-8.833	1.99937	6.4175	30	34.821	-0.08	-46.868	0.042	26.738	16.48	445.349	100	0	48.332	52.121	0.899	0.7202
2024/12/11	09:59:51	2024/12/11	10:00:03	7.26681	8.88216	129.758	158.603	0.471311	0.57608	8.41589	10.2867	1.64076	-1.3705	-0.1344	44.5105	3.418	0.97	-0.367	3.71	2.00062	6.425	30	34.833	-0.084	-46.903	0.045	26.684	16.482	445.105	100	0	48.335	52.121	0.894	0.7154
2024/12/11	09:59:52	2024/12/11	10:00:04	7.38817	9.0305	134.899	164.887	0.375498	0.458968	6.85616	8.38023	1.35258	-1.23997	-0.1216	44.5129	3.362	0.305	0.692	14.713	2	6.40469	30	34.849	-0.076	-46.831	0.041	26.723	16.483	445.129	100	0	48.338	52.125	0.895	0.717
2024/12/11	09:59:53	2024/12/11	10:00:05	26.1086	31.9123	113.082	138.219	10.8146	13.2186	46.8403	57.2525	-1.79701	-1.23997	-0.1216	44.5178	3.519	0.285	0.785	9.607	1.99969	6.37969	30	34.833	-0.076	-46.844	0.0428	26.635	16.483	445.178	100	0	48.332	52.125	0.88	0.7028
2024/12/11	09:59:54	2024/12/11	10:00:06	71.1956	87.0217	115.874	141.632	31.9676	39.0737	52.0288	63.5944	-5.08458	-1.50102	-0.1472	44.5129	3.597	0.302	0.724	6.921	2	6.425	30	34.847	-0.092	-46.909	0.0395	26.665	16.483	445.129	100	0	48.33	52.129	0.891	0.712
2024/12/11	09:59:55	2024/12/11	10:00:07	90.2661	110.331	116.864	142.841	43.0014	52.5602	55.672	68.0474	-6.05389	-1.30524	-0.128	44.4422	5.019	0.359	-0.092	-31.065	2.00094	6.3825	30	34.844	-0.08	-47.175	0.0364	26.961	16.487	444.422	100	0	48.334	52.125	0.889	0.7188
2024/12/11	09:59:56	2024/12/11	10:00:08	32.9485	40.2727	109.747	134.142	16.0937	19.6711	53.6055	65.5216	-2.43947	-1.3705	-0.1344	44.6105	4.401	0.318	1.09	-26.381	1.99906	6.40813	30	34.847	-0.084	-47.063	0.0406	26.909	16.487	446.105	100	0	48.332	52.121	0.882	0.7118
2024/12/11	09:59:57	2024/12/11	10:00:09	7.12848	8.71309	165.902	202.78	0.34895	0.426519	8.12114	9.9264	0.264714	-1.43576	-0.1408	44.5544	4.646	0.37	0.952	-28.067	1.99937	6.36437	30	34.854	-0.088	-47.124	0.0357	26.92	16.49	445.544	100	0	48.332	52.125	0.895	0.7225
2024/12/11	09:59:58	2024/12/11	10:00:10	8.9264	10.9107	118.661	145.038	2.28603	2.7942	30.3888	37.144	-0.679439	-1.23997	-0.1216	44.4788	4.26	0.537	-0.408	-42.387	2.00031	6.39656	30	34.851	-0.076	-47.449	0.0486	27.059	16.49	444.788	100	0	48.337	52.121	0.9	0.7299
2024/12/11	09:59:59	2024/12/11	10:00:11	8.0939	9.89311	120.483	147.266	0.388355	0.474683	5.78092	7.06597	1.44968	-1.43576	-0.1408	44.552	4.79	0.378	0.649	-28.365	2.00031	6.40719	30	34.87	-0.088	-47.243	0.0328	26.99	16.492	445.52	100	0	48.335	52.121	0.901	0.7293
2024/12/11	10:00:00	2024/12/11	10:00:12	7.10661	8.68635	128.232	156.736	0.39711	0.485384	7.16544	8.75826	1.19797	-1.3705	-0.1344	44.4739	3.128	0.395	0.392	22.033	2	6.39531	30	34.873	-0.084	-47.386	0.0427	26.872	16.494	444.739	100	0	48.333	52.125	0.856	0.6895
2024/12/11	10:00:01	2024/12/11	10:00:13	40.9614	50.0668	110.443	134.993	17.1251	20.9318	46.1736	56.4376	-2.91187	-1.3705	-0.1344	44.5129	3.409	0.963	-0.335	1.928	2	6.39344	30	34.875	-0.084	-47.569	0.0451	26.887	16.496	445.129	100	0	48.334	52.129	0.865	0.6972
2024/12/11	10:00:02	2024/12/11	10:00:14	88.6735	108.385	113.206	138.371	39.7474	48.5829	50.744	62.024	-5.81812	-1.30524	-0.128	44.5178	3.351	1.279	-0.389	22.159	2	6.38125	30	34.871	-0.08	-47.61	0.0462	26.706	16.497	445.178	100	0	48.332	52.129	0.895	0.7168
2024/12/11	10:00:03	2024/12/11	10:00:15	5.97579	7.30416	157.219	192.167	0.339524	0.414998	8.93263	10.9183	0.705292	-1.30524	-0.128	44.5324	3.722	0.312	1.14	-0.54	1.99969	6.35469	29.9844	34.894	-0.08	-47.547	0.0413	26.907	16.501	445.324	100	0	48.337	52.125	0.897	0.7237
2024/12/11	10:00:04	2024/12/11	10:00:16	14.9566	18.2813	107.972	131.973	6.7533	8.2545	48.752	59.5891	-1.14055	-1.17471	-0.1152	44.5764	3.882	0.255	0.964	-2.184	2.00031	6.4125	30.0156	34.901	-0.072	-47.595	0.0396	26.929	16.503	445.764	100	0	48.337	52.121	0.891	0.7191
2024/12/11	10:00:05	2024/12/11	10:00:17	7.85717	9.60375	126.439	154.545	1.76818	2.16124	28.4539	34.7789	-0.495089	-1.3705	-0.1344	44.5202	3.267	1.749	-0.305	45.18	2.00031	6.40437	30	34.904	-0.084	-47.782	0.0396	26.904	16.506	445.202	100	0	48.335	52.117	0.895	0.7221
2024/12/11	10:00:06	2024/12/11	10:00:18	7.90159	9.65805	124.187	151.793	0.259067	0.316656	4.07168	4.97678	1.47736	-1.30524	-0.128	44.5349	3.324	1.929	-0.322	54.667	1.99937	6.38594	30	34.902	-0.08	-47.842	0.0419	26.858	16.508	445.349	100	0	48.333	52.129	0.876	0.7051
2024/12/11	10:00:07	2024/12/11	10:00:19	6.67082	8.15368	138.229	168.956	0.291639	0.356468	6.0432	7.38656	1.21855	-1.17471	-0.1152	44.5154	3.375	2.078	-0.307	55.59	1.99875	6.40219	30	34.911	-0.072	-47.891	0.0396	26.871	16.51	445.154	100	0	48.332	52.125	0.85	0.6847
2024/12/11	10:00:08	2024/12/11	10:00:20	43.6538	53.3577	114.851	140.382	19.7341	24.1208	51.9195	63.4608	-3.10731	-1.30524	-0.128	44.5544	3.157	1.993	-0.317	48.807	2.00094	6.38687	30	34.918	-0.08	-47.978	0.0434	26.885	16.51	445.544	100	0	48.339	52.121	0.855	0.6891
2024/12/11	10:00:09	2024/12/11	10:00:21	75.3863	92.1441	117.061	143.083	37.8728	46.2916	58.8096	71.8824	-5.05384	-1.30524	-0.128	44.5032	4.805	0.304	0.242	-19.967	2.00062	6.39063	30	34.914	-0.08	-47.962	0.0303	26.797	16.511	445.032	100	0	48.335	52.125	0.792	0.6361
2024/12/11	10:00:10	2024/12/11	10:00:22	15.4867	18.9293	113.162	138.318	7.77938	9.50867	56.8444	69.4804	-1.12516	-1.3705	-0.1344	44.5154	3.42	1.132	-0.353	14.674	1.99875	6.42312	30	34.93	-0.084	-48.167	0.0461	26.973	16.513	445.154	100	0	48.334	52.125	0.896	0.7247
2024/12/11	10:00:11	2024/12/11	10:00:23	12.4562	15.2251	106.423	130.08	5.6488	6.90448	48.2622	58.9905	-0.921163	-1.30524	-0.128	44.4836	3.467	0.215	0.842	9.361	2.00031	6.3675	30	34.937	-0.08	-48.066	0.0448	26.637	16.515	444.836	100	0	48.333	52.125	0.873	0.6972
2024/12/11	10:00:12	2024/12/11	10:00:24	6.54669	8.00196	182.295	222.817	0.258875	0.316421	7.20847	8.81086	0.249651	-1.23997	-0.1216	44.4861	3.697	0.267	0.845	-1.583	2	6.36594	30	34.942	-0.076	-48.139	0.0386	26.654	16.517	444.861	100	0	48.331	52.121	0.882	0.7049
2024/12/11	10:00:13	2024/12/11	10:00:25	7.26081	8.87483	126.65	154.803	0.207047	0.253071	3.61149	4.41429	1.27408	-1.43576	-0.1408	44.4324	3.185	1.721	-0.307	50.907	1.99969	6.37875	30	34.94	-0.088	-48.301	0.0419	26.639	16.518	444.324	100	0	48.334	52.121	0.887	0.7083
2024/12/11	10:00:14	2024/12/11	10:00:26	5.44364	6.65372	151.555	185.244	0.16395	0.200394	4.56447	5.57912	1.21999	-1.30524	-0.128	44.5642	3.271	1.895	-0.291	55.707	1.99969	6.36531	30	34.942	-0.08	-48.368	0.0398	26.658	16.52	445.642	100	0	48.333	52.129	0.872	0.6971
2024/12/11	10:00:15	2024/12/11	10:00:27	-142.131	-173.726	115.248	140.867	-81.467	-99.5764	66.0581	80.7423	10.1187	-1.3705	-0.1344	44.5178	4.562	0.335	0.73	-30.61	2.00031	6.41	30.0156	34.949	-0.084	-48.341	0.0319	26.558	16.522	445.178	100	0	48.336	52.125	0.853	0.6794
2024/12/11	10:00:16	2024/12/11	10:00:28	6.33327	7.7411	192.294	235.039	0.158298	0.193486	4.80633	5.87473	0.696393	-1.17471	-0.1152	44.569	3.105	1.812	-0.321	35.599	1.99906	6.36875	29.9844	34.957	-0.072	-48.514	0.0407	26.758	16.524	445.69	100	0	48.336	52.125	0.903	0.724
2024/12/11	10:00:17	2024/12/11	10:00:29	9.99028	12.211	116.369	142.237	0.498692	0.609547	5.80888	7.10015	1.33564	-1.30524	-0.128	44.508	3.641	1.059	-0.311	5.21	1.99969	6.35531	30	34.966	-0.08	-48.651	0.0432	27.009	16.524	445.08	100	0	48.336	52.125	0.901	0.7298
2024/12/11	10:00:18	2024/12/11	10:00:30	8.79919	10.7552	138.154	168.864	0.322889	0.394664	5.0696	6.19653	1.50603	-1.30524	-0.128	44.5373	3.587	0.152	0.909	6.275	2.00094	6.4325	30.0156	34.981	-0.08	-48.543	0.045	26.973	16.527	445.373	100	0	48.332	52.125	0.891	0.7204
2024/12/11	10:00:19	2024/12/11	10:00:31	380.832	465.488	114.232	139.625	178.464	218.135	53.531	65.4305	-32.6155	-1.3705	-0.1344	44.4617	3.982	0.225	0.986	-10.628	2	6.41937	30	34.969	-0.084	-48.588	0.0384	26.66	16.529	444.617	100	0	48.333	52.125	0.889	0.7107
2024/12/11	10:00:20	2024/12/11	10:00:32	181.759	222.163	114.413	139.846	91.9335	112.37	57.8697	70.7337	-13.6992	-1.23997	-0.1216	44.4958	3.317	1.938	-0.32	51.145	2	6.35938	29.9844	34.985	-0.076	-48.76	0.0387	26.659	16.532	444.958	100	0	48.335	52.129	0.899	0.7183
2024/12/11	10:00:21	2024/12/11	10:00:33	5.86126	7.16417	181.597	221.965	0.263401	0.321952	8.16085	9.97494	0.821752	-1.3705	-0.1344	44.5276	3.379	2.194	-0.307	54.874	2	6.40344	30	34.99	-0.084	-48.844	0.041	26.595	16.534	445.276	100	0	48.334	52.129	0.859	0.6851
2024/12/11	10:00:22	2024/12/11	10:00:34	6.00996	7.34593	185.555	226.802	0.241674	0.295396	7.46158	9.12023	0.710109	-1.23997	-0.1216	44.5056	3.25	2.11	-0.32	35.441	2.00031	6.40313	30	34.992	-0.076	-48.915	0.0432	26.539	16.534	445.056	100	0	48.334	52.121	0.82	0.6522
2024/12/11	10:00:23	2024/12/11	10:00:35	19.5782	23.9303	108.375	132.466	9.7616	11.9315	54.0352	66.0468	-1.68579	-1.43576	-0.1408	44.5129	3.083	1.807	-0.309	30.704	2	6.39156	30	34.987	-0.088	-48.961	0.0418	26.613	16.536	445.129	100	0	48.332	52.121	0.831	0.6633
2024/12/11	10:00:24	2024/12/11	10:00:36	8.54388	10.4431	101.903	124.556	0.701634	0.857602	8.36844	10.2287	0.849325	-1.23997	-0.1216	44.5007	5.283	0.27	0.273	-35.739	2.00062	6.37906	30	35.002	-0.076	-48.887	0.0788	26.679	16.539	445.007	100	0	48.335	52.125	0.886	0.7088
2024/12/11	10:00:25	2024/12/11	10:00:37	9.0385	11.0477	106.977	130.757	0.797106	0.974296	9.4343	11.5315	1.10138	-1.30524	-0.128	44.5349	3.663	0.135	0.871	0.252	2	6.3775	30	35.002	-0.08	-48.988	0.0472	26.593	16.543	445.349	100	0	48.335	52.125	0.816	0.6502
2024/12/11	10:00:26	2024/12/11	10:00:38	7.33522	8.96579	196.418	240.08	0.178265	0.217892	4.77346	5.83456	0.270518	-1.30524	-0.128	44.4983	4.393	0.171	1.334	-35.741	1.99906	6.39906	30	35.012	-0.08	-49.037	0.0419	26.731	16.545	444.983	100	0	48.333	52.125	0.895	0.717
2024/12/11	10:00:27	2024/12/11	10:00:39	8.33689	10.1901	117.309	143.385	2.10631	2.57452	29.6379	36.2262	-0.660453	-1.43576	-0.1408	44.4373	3.318	2.458	-0.32	63.132	2.00062	6.40031	30	35.033	-0.088	-49.216	0.0441	27.006	16.545	444.373	100	0	48.332	52.121	0.901	0.7298
2024/12/11	10:00:28	2024/12/11	10:00:40	8.32515	10.1758	119.375	145.911	0.504727	0.616924	7.23729	8.84609	1.35426	-1.43576	-0.1408	44.5471	5.572	0.18	0.83	-44.372	2.00031	6.42156	30	35.033	-0.088	-49.154	0.0403	27	16.546	445.471	100	0	48.332	52.125	0.898	0.727
2024/12/11	10:00:29	2024/12/11	10:00:41	7.57533	9.25927	124.245	151.864	0.345256	0.422004	5.66265	6.92141	1.34162	-1.50102	-0.1472	44.5154	3.379	0.218	0.612	19.927	1.99906	6.37437	30	35.03	-0.092	-49.297	0.0466	26.878	16.55	445.154	100	0	48.331	52.121	0.895	0.7214
2024/12/11	10:00:30	2024/12/11	10:00:42	12.8867	15.7513	111.58	136.384	4.97918	6.08601	43.1125	52.696	-0.990465	-1.23997	-0.1216	44.5056	3.964	0.188	0.919	6.909	1.99969	6.4	30.0156	35.045	-0.076	-49.317	0.0443	26.908	16.553	445.056	100	0	48.336	52.129	0.887	0.7155
2024/12/11	10:00:31	2024/12/11	10:00:43	12.6405	15.4504	112.067	136.979	4.87801	5.96235	43.2471	52.8606	-1.04199	-1.3705	-0.1344	44.5276	3.284	1.989	-0.381	59.38	2	6.41531	30	35.035	-0.084	-49.499	0.046	26.644	16.555	445.276	100	0	48.335	52.125	0.894	0.7141
2024/12/11	10:00:32	2024/12/11	10:00:44	6.87783	8.40672	132.876	162.413	0.378041	0.462076	7.30352	8.92704	1.52554	-1.3705	-0.1344	44.5593	3.321	2.171	-0.339	58.015	1.99969	6.36281	29.9844	35.059	-0.084	-49.571	0.0435	26.804	16.557	445.593	100	0	48.331	52.129	0.873	0.7017
2024/12/11	10:00:33	2024/12/11	10:00:45	8.41177	10.2816	146.993	179.668	0.270229	0.330298	4.72214	5.77184	1.31635	-1.43576	-0.1408	44.5178	5.234	0.304	0.994	-45.805	2	6.36844	30	35.042	-0.088	-49.522	0.0379	26.958	16.559	445.178	100	0	48.331	52.125	0.9	0.7273
2024/12/11	10:00:34	2024/12/11	10:00:46	44.7326	54.6763	113.674	138.942	19.8048	24.2072	50.3275	61.5149	-3.42828	-1.23997	-0.1216	44.4519	5.349	0.278	0.856	-45.462	2.00125	6.42469	30.0156	35.055	-0.076	-49.569	0.038	27.034	16.56	444.519	100	0	48.335	52.125	0.903	0.7316
2024/12/11	10:00:35	2024/12/11	10:00:47	65.946	80.6052	113.369	138.57	32.8536	40.1567	56.4795	69.0344	-5.97193	-1.3705	-0.1344	44.4983	3.13	2.017	-0.365	41.32	1.99906	6.41656	30	35.062	-0.084	-49.773	0.0438	26.853	16.562	444.983	100	0	48.33	52.125	0.831	0.6691
2024/12/11	10:00:36	2024/12/11	10:00:48	6.20322	7.58214	157.362	192.343	0.179394	0.219272	4.55084	5.56246	1.13616	-1.17471	-0.1152	44.5251	2.949	0.313	0.397	19.228	1.99906	6.35406	29.9844	35.067	-0.072	-49.797	0.046	26.897	16.564	445.251	100	0	48.332	52.121	0.861	0.6943
2024/12/11	10:00:37	2024/12/11	10:00:49	6.04697	7.39116	166.341	203.318	0.188909	0.230902	5.19656	6.35171	1.08251	-1.17471	-0.1152	44.4568	3.097	0.353	0.511	19.542	2.00125	6.42875	30	35.081	-0.072	-49.862	0.0465	26.849	16.564	444.568	100	0	48.331	52.129	0.864	0.6958
2024/12/11	10:00:38	2024/12/11	10:00:50	5.77453	7.05816	169.37	207.02	0.280442	0.342782	8.22553	10.054	0.853274	-1.23997	-0.1216	44.5398	5.667	0.178	0.283	-31.497	2	6.3975	30	35.078	-0.076	-49.855	0.0531	26.848	16.564	445.398	100	0	48.336	52.125	0.856	0.6887
2024/12/11	10:00:39	2024/12/11	10:00:51	5.86846	7.17297	173.484	212.048	0.185218	0.226391	5.47544	6.69258	0.883591	-1.43576	-0.1408	44.5105	3.384	1.105	-0.363	12.106	1.99906	6.40844	30	35.081	-0.088	-50.09	0.0484	26.949	16.566	445.105	100	0	48.336	52.125	0.896	0.7237
2024/12/11	10:00:40	2024/12/11	10:00:52	8.64582	10.5677	100.051	122.292	0.806631	0.985939	9.33453	11.4095	0.75716	-1.30524	-0.128	44.4641	3.433	0.269	0.756	11.452	2.00094	6.405	30	35.105	-0.08	-50.012	0.0462	26.675	16.567	444.641	100	0	48.336	52.125	0.893	0.7142
2024/12/11	10:00:41	2024/12/11	10:00:53	6.11239	7.47113	124.227	151.841	0.908164	1.11004	18.4573	22.5602	-0.483453	-1.3705	-0.1344	44.4983	3.599	0.212	0.863	3.791	2.00094	6.39687	30	35.09	-0.084	-50.054	0.0474	26.603	16.569	444.983	100	0	48.334	52.129	0.875	0.6979
2024/12/11	10:00:42	2024/12/11	10:00:54	7.32764	8.95652	194.133	237.287	0.18559	0.226845	4.91687	6.00986	0.34304	-1.43576	-0.1408	44.5129	3.22	1.608	-0.335	30.72	1.99969	6.38219	30	35.116	-0.088	-50.257	0.0456	26.644	16.571	445.129	100	0	48.333	52.121	0.88	0.7028
2024/12/11	10:00:43	2024/12/11	10:00:55	7.11694	8.69897	188.118	229.935	0.236601	0.289196	6.25395	7.64416	0.246318	-1.50102	-0.1472	44.5202	3.226	1.609	-0.36	30.133	2.00062	6.38312	30	35.105	-0.092	-50.334	0.048	26.876	16.573	445.202	100	0	48.334	52.125	0.89	0.717
2024/12/11	10:00:44	2024/12/11	10:00:56	9.30493	11.3733	118.553	144.907	0.752087	0.919269	9.58226	11.7123	1.17411	-1.30524	-0.128	44.5154	3.857	0.274	1.158	-6.451	2.00094	6.39281	30	35.117	-0.08	-50.266	0.041	26.94	16.574	445.154	100	0	48.335	52.121	0.898	0.7256
2024/12/11	10:00:45	2024/12/11	10:00:57	8.41329	10.2835	118.739	145.133	0.490966	0.600104	6.92912	8.4694	1.53601	-1.50102	-0.1472	44.4812	4.263	0.177	0.903	-0.003	1.99875	6.39094	30	35.117	-0.092	-50.293	0.0436	26.662	16.578	444.812	100	0	48.337	52.121	0.889	0.7106
2024/12/11	10:00:46	2024/12/11	10:00:58	9.9284	12.1354	115.023	140.592	3.01126	3.68064	34.8862	42.6411	-0.700033	-1.54997	-0.152	44.5715	3.268	1.87	-0.339	51.861	2	6.39594	30	35.122	-0.095	-50.527	0.045	26.656	16.578	445.715	100	0	48.335	52.121	0.89	0.7116
2024/12/11	10:00:47	2024/12/11	10:00:59	9.83313	12.019	112.911	138.01	3.42669	4.18841	39.3477	48.0944	-0.712375	-1.30524	-0.128	44.4739	3.263	2.101	-0.4	54.644	2.00031	6.39063	30	35.11	-0.08	-50.567	0.0484	26.555	16.58	444.739	100	0	48.333	52.125	0.87	0.6922
2024/12/11	10:00:48	2024/12/11	10:01:00	7.27425	8.89125	135.359	165.448	0.382992	0.468128	7.12668	8.71089	1.3924	-1.23997	-0.1216	44.508	4.575	0.171	1.134	-27.517	1.99937	6.40062	30.0156	35.138	-0.076	-50.507	0.0433	26.604	16.581	445.08	100	0	48.332	52.129	0.879	0.7007
2024/12/11	10:00:49	2024/12/11	10:01:01	6.88303	8.41307	142.686	174.405	0.266537	0.325786	5.52536	6.7536	1.42436	-1.43576	-0.1408	44.5276	4.78	0.193	1.158	-33.532	1.99937	6.40781	30	35.141	-0.088	-50.573	0.0397	26.721	16.583	445.276	100	0	48.333	52.117	0.899	0.7198
2024/12/11	10:00:50	2024/12/11	10:01:02	36.9359	45.1465	114.561	140.027	16.3008	19.9243	50.5588	61.7976	-2.56642	-1.23997	-0.1216	44.4983	4.891	0.307	0.978	-40.38	2.00094	6.39875	30	35.145	-0.076	-50.604	0.0379	26.572	16.587	444.983	100	0	48.333	52.125	0.85	0.6773
2024/12/11	10:00:51	2024/12/11	10:01:03	2052.11	2508.27	113.768	139.058	1009.6	1234.03	55.9722	68.4144	-180.954	-1.30524	-0.128	44.5154	5.001	0.204	1.019	-40.937	1.99937	6.41437	30	35.14	-0.08	-50.695	0.0391	26.621	16.587	445.154	100	0	48.335	52.125	0.863	0.6889
2024/12/11	10:00:52	2024/12/11	10:01:04	6.34438	7.75469	148.336	181.31	0.326185	0.398694	7.62643	9.32172	1.33341	-1.50102	-0.1472	44.4958	2.886	0.348	0.342	20.766	1.99937	6.39375	30	35.15	-0.092	-50.88	0.0463	26.615	16.59	444.958	100	0	48.335	52.129	0.845	0.674
2024/12/11	10:00:53	2024/12/11	10:01:05	6.00644	7.34163	156.068	190.761	0.3079	0.376343	8.00029	9.77869	1.2175	-1.50102	-0.1472	44.5276	3.588	0.689	-0.384	-9.427	2.00094	6.39344	30	35.153	-0.092	-51.032	0.0465	26.458	16.594	445.276	100	0	48.334	52.129	0.828	0.6566
2024/12/11	10:00:54	2024/12/11	10:01:06	5.48256	6.70129	158.182	193.345	0.281129	0.343622	8.11111	9.91415	1.02521	-1.17471	-0.1152	44.5422	5.621	0.184	0.356	-30.925	1.99969	6.39687	30	35.172	-0.072	-50.931	0.0378	26.588	16.595	445.422	100	0	48.332	52.121	0.84	0.67
2024/12/11	10:00:55	2024/12/11	10:01:07	7.17515	8.77013	164.852	201.498	0.304132	0.371739	6.98758	8.54086	0.715547	-1.23997	-0.1216	44.5129	5.446	0.234	0.255	-30.71	1.99875	6.42188	30	35.171	-0.076	-50.989	0.0365	27.02	16.597	445.129	100	0	48.332	52.125	0.902	0.7305
2024/12/11	10:00:56	2024/12/11	10:01:08	7.29594	8.91777	169.538	207.225	0.378104	0.462153	8.78612	10.7392	0.665704	-1.23997	-0.1216	44.4836	3.427	0.358	0.585	16.626	2.00031	6.40281	30	35.174	-0.076	-51.102	0.0386	26.977	16.597	444.836	100	0	48.332	52.125	0.896	0.7244
2024/12/11	10:00:57	2024/12/11	10:01:09	5.67237	6.93329	170.59	208.511	0.262207	0.320494	7.88559	9.6385	0.687302	-1.30524	-0.128	44.6056	3.434	0.259	0.848	11.913	2.00031	6.41125	30.0156	35.193	-0.08	-51.131	0.0462	26.86	16.597	446.056	100	0	48.333	52.121	0.874	0.7034
2024/12/11	10:00:58	2024/12/11	10:01:10	7.51016	9.17961	206.655	252.593	-0.0576196	-0.070428	-1.5855	-1.93795	0.543389	-1.43576	-0.1408	44.5154	3.324	1.303	-0.317	20.665	1.99937	6.42281	30	35.195	-0.088	-51.328	0.0425	26.988	16.599	445.154	100	0	48.331	52.125	0.901	0.7289
2024/12/11	10:00:59	2024/12/11	10:01:11	7.96228	9.73223	204.275	249.683	0.213982	0.261549	5.48978	6.71012	0.648821	-1.23997	-0.1216	44.5105	3.266	1.471	-0.32	20.964	2.00031	6.40219	30	35.205	-0.076	-51.402	0.0438	26.921	16.601	445.105	100	0	48.333	52.121	0.886	0.7152
2024/12/11	10:01:00	2024/12/11	10:01:12	8.69937	10.6332	105.1	128.463	0.82999	1.01449	10.0274	12.2564	1.04608	-1.30524	-0.128	44.4714	3.909	0.266	1.012	-3.453	2.00031	6.40875	30	35.2	-0.08	-51.326	0.042	26.644	16.601	444.714	100	0	48.337	52.125	0.891	0.7118
2024/12/11	10:01:01	2024/12/11	10:01:13	6.50871	7.95555	190.86	233.286	0.322082	0.393678	9.44464	11.5441	0.394123	-1.43576	-0.1408	44.5202	4.116	0.206	1.152	-10.649	1.99969	6.37812	30	35.2	-0.088	-51.361	0.0432	26.94	16.602	445.202	100	0	48.332	52.136	0.89	0.7191
2024/12/11	10:01:02	2024/12/11	10:01:14	7.33294	8.963	197.765	241.727	0.124031	0.151602	3.34504	4.08862	0.278963	-1.3705	-0.1344	44.5178	3.31	1.888	-0.311	49.93	2	6.3975	30	35.22	-0.084	-51.551	0.04	26.936	16.604	445.178	100	0	48.332	52.125	0.898	0.7249
2024/12/11	10:01:03	2024/12/11	10:01:15	7.44941	9.10536	118.02	144.255	1.70001	2.07791	26.933	32.92	-0.654184	-1.43576	-0.1408	44.5251	3.279	2.085	-0.391	60.511	2.00094	6.41344	30	35.217	-0.088	-51.632	0.0479	26.907	16.608	445.251	100	0	48.335	52.125	0.868	0.6999
2024/12/11	10:01:04	2024/12/11	10:01:16	6.34216	7.75197	116.97	142.972	0.326752	0.399386	6.02637	7.36599	1.09431	-1.50102	-0.1472	44.5398	4.289	0.285	1.219	-20.01	1.99906	6.40313	30	35.215	-0.092	-51.589	0.039	26.887	16.609	445.398	100	0	48.337	52.121	0.869	0.7006
2024/12/11	10:01:05	2024/12/11	10:01:17	14.4843	17.704	106.937	130.708	4.98848	6.09738	36.8296	45.0166	-1.32194	-1.43576	-0.1408	44.4348	4.513	0.299	1.237	-29.016	2	6.40406	30	35.22	-0.088	-51.625	0.0401	26.942	16.609	444.348	100	0	48.334	52.125	0.901	0.7278
2024/12/11	10:01:06	2024/12/11	10:01:18	17.7074	21.6436	111.873	136.742	6.68283	8.16837	42.2214	51.6068	-1.47238	-1.3705	-0.1344	44.469	4.572	0.303	1.156	-38.831	2.00062	6.40656	30	35.227	-0.084	-51.724	0.0392	26.863	16.613	444.69	100	0	48.332	52.125	0.87	0.7005
2024/12/11	10:01:07	2024/12/11	10:01:19	39855.3	48714.9	114.368	139.791	17459.7	21340.8	50.1017	61.2389	-3538.84	-1.3705	-0.1344	44.4861	4.746	0.26	0.64	-18.14	2.00031	6.41094	30	35.222	-0.084	-51.729	0.0389	26.853	16.615	444.861	100	0	48.333	52.121	0.842	0.6781
2024/12/11	10:01:08	2024/12/11	10:01:20	5.8889	7.19796	151.958	185.738	0.0993668	0.121455	2.56408	3.13406	1.19802	-1.30524	-0.128	44.4641	4.897	0.328	0.604	-19.398	1.99969	6.38719	30	35.255	-0.08	-51.853	0.0377	26.825	16.616	444.641	100	0	48.337	52.129	0.864	0.695
2024/12/11	10:01:09	2024/12/11	10:01:21	6.23219	7.61756	158.217	193.387	0.0748331	0.0914679	1.89979	2.3221	1.30379	-1.3705	-0.1344	44.4861	4.921	0.294	0.806	-42.794	1.99969	6.39969	30	35.257	-0.084	-51.881	0.0385	26.581	16.62	444.861	100	0	48.334	52.125	0.543	0.4328
2024/12/11	10:01:10	2024/12/11	10:01:22	5.30524	6.48455	159.441	194.883	0.149751	0.18304	4.50054	5.50098	0.886841	-1.43576	-0.1408	44.5007	5.95	-0.059	0.582	-33.747	1.99937	6.40688	30	35.246	-0.088	-51.957	0.0473	26.581	16.62	445.007	100	0	48.333	52.129	0.836	0.6663
2024/12/11	10:01:11	2024/12/11	10:01:23	7.0744	8.64698	176.639	215.904	0.171051	0.209074	4.27093	5.22033	0.59324	-1.3705	-0.1344	44.491	5.902	0.205	0.65	-27.759	1.99969	6.38469	29.9844	35.274	-0.084	-52.005	0.0508	26.599	16.622	444.91	100	0	48.339	52.125	0.879	0.7005
2024/12/11	10:01:12	2024/12/11	10:01:24	7.06576	8.63642	177.358	216.783	0.170842	0.208819	4.28832	5.24158	0.592481	-1.43576	-0.1408	44.5276	3.033	0.374	0.493	19.123	2	6.41031	30	35.257	-0.088	-52.15	0.039	26.765	16.623	445.276	100	0	48.332	52.121	0.89	0.714
2024/12/11	10:01:13	2024/12/11	10:01:25	6.09399	7.44863	121.357	148.333	1.05168	1.28546	20.9433	25.5988	-0.42725	-1.30524	-0.128	44.4958	5.535	0.354	0.453	-40.885	1.99969	6.40688	30	35.27	-0.08	-52.14	0.0503	26.713	16.627	444.958	100	0	48.336	52.129	0.893	0.7155
2024/12/11	10:01:14	2024/12/11	10:01:26	9.11392	11.1399	112.519	137.531	0.494285	0.604161	6.10237	7.45888	1.4417	-1.30524	-0.128	44.4641	5.718	0.125	0.294	-32.374	2.00031	6.375	30	35.272	-0.08	-52.243	0.0532	27.001	16.629	444.641	100	0	48.331	52.125	0.887	0.7178
2024/12/11	10:01:15	2024/12/11	10:01:27	8.7279	10.668	121.792	148.866	0.276918	0.338475	3.86422	4.7232	1.6174	-1.3705	-0.1344	44.469	3.404	1.004	-0.404	6.223	1.99937	6.37563	30	35.277	-0.084	-52.482	0.049	27.03	16.629	444.69	100	0	48.332	52.121	0.89	0.7214
2024/12/11	10:01:16	2024/12/11	10:01:28	7.26087	8.8749	127.575	155.934	0.201723	0.246564	3.54432	4.33219	1.61983	-1.0605	-0.104	44.5129	3.379	0.225	0.788	-2.852	2	6.37563	30	35.272	-0.065	-52.399	0.0463	26.616	16.629	445.129	100	0	48.335	52.129	0.866	0.6908
2024/12/11	10:01:17	2024/12/11	10:01:29	20.9623	25.622	111.165	135.876	8.7368	10.6789	46.3322	56.6315	-1.60594	-1.50102	-0.1472	44.5593	3.089	1.375	-0.381	35.295	2.00031	6.39375	30	35.282	-0.092	-52.608	0.0478	26.794	16.632	445.593	100	0	48.332	52.125	0.894	0.718
2024/12/11	10:01:18	2024/12/11	10:01:30	112.744	137.807	110.51	135.075	56.2423	68.7445	55.1275	67.3819	-10.227	-1.23997	-0.1216	44.5495	3.231	1.576	-0.363	39.002	1.99969	6.40937	30	35.303	-0.076	-52.632	0.047	26.939	16.634	445.495	100	0	48.334	52.132	0.886	0.7159
2024/12/11	10:01:19	2024/12/11	10:01:31	5.52273	6.75039	160.616	196.319	-0.0338262	-0.0413454	-0.983754	-1.20243	1.07894	-1.23997	-0.1216	44.4934	3.301	1.869	-0.396	60.822	1.99937	6.36219	29.9844	35.31	-0.076	-52.712	0.0476	26.707	16.636	444.934	100	0	48.333	52.132	0.892	0.7141
2024/12/11	10:01:20	2024/12/11	10:01:32	5.75697	7.0367	161.658	197.594	0.0826631	0.101038	2.32122	2.83721	0.966736	-1.30524	-0.128	44.4934	4.402	0.096	1.21	-28.561	2.00031	6.38438	30	35.303	-0.08	-52.641	0.0438	26.67	16.636	444.934	100	0	48.332	52.125	0.892	0.7132
2024/12/11	10:01:21	2024/12/11	10:01:33	44.3419	54.1987	112.878	137.97	24.5299	29.9827	62.4443	76.3251	-3.6278	-1.3705	-0.1344	44.4495	4.575	0.071	1.293	-26.903	2	6.37781	30	35.318	-0.084	-52.67	0.0445	26.699	16.639	444.495	100	0	48.334	52.125	0.891	0.7133
2024/12/11	10:01:22	2024/12/11	10:01:34	20.6312	25.2174	107.107	130.916	9.71407	11.8734	50.4308	61.6411	-1.50654	-1.3705	-0.1344	44.5495	4.605	0.168	1.04	-42.867	1.99969	6.36906	29.9844	35.313	-0.084	-52.754	0.0383	26.61	16.641	445.495	100	0	48.335	52.129	0.846	0.6748
2024/12/11	10:01:23	2024/12/11	10:01:35	5.45445	6.66693	180.098	220.133	0.0380639	0.0465252	1.25682	1.5362	0.64668	-1.30524	-0.128	44.5032	5.12	0.16	0.58	-25.73	2.00031	6.40062	30	35.324	-0.08	-52.815	0.0564	26.703	16.641	445.032	100	0	48.332	52.125	0.889	0.712
2024/12/11	10:01:24	2024/12/11	10:01:36	7.14838	8.7374	198.357	242.45	0.100176	0.122444	2.77974	3.39765	0.0461083	-1.50102	-0.1472	44.491	5.12	0.16	0.58	-25.73	2	6.39719	30	35.318	-0.092	-52.815	0.0741	26.823	16.641	444.91	100	0	48.334	52.121	0.839	0.6744
2024/12/11	10:01:25	2024/12/11	10:01:37	5.77824	7.06269	133.847	163.6	0.0840931	0.102786	1.94793	2.38093	1.22213	-1.43576	-0.1408	44.4983	3.506	0.782	-0.332	-7.892	1.99906	6.3875	30	35.341	-0.088	-52.815	0.0516	26.569	16.644	444.983	100	0	48.334	52.117	0.848	0.6754
2024/12/11	10:01:26	2024/12/11	10:01:38	-1201.56	-1468.65	114.758	140.268	-643.619	-786.69	61.471	75.1355	108.22	-1.43576	-0.1408	44.4885	3.267	0.229	0.698	17.884	2.00031	6.41188	30	35.343	-0.088	-53.082	0.0552	26.978	16.646	444.885	100	0	48.331	52.121	0.889	0.7189
2024/12/11	10:01:27	2024/12/11	10:01:39	7.31565	8.94186	93.5656	114.364	0.755819	0.923832	9.66677	11.8156	0.471823	-1.3705	-0.1344	44.5422	3.536	0.145	0.885	12.323	2	6.3925	30	35.346	-0.084	-53.115	0.046	26.805	16.646	445.422	100	0	48.338	52.129	0.806	0.6478
2024/12/11	10:01:28	2024/12/11	10:01:40	16.9345	20.6989	107.713	131.656	9.21074	11.2582	58.5855	71.6085	-1.31046	-1.30524	-0.128	44.5471	3.704	0.133	1.116	-0.235	1.99969	6.3725	30	35.349	-0.08	-53.191	0.0448	26.912	16.65	445.471	100	0	48.335	52.125	0.865	0.6978
2024/12/11	10:01:29	2024/12/11	10:01:41	6.17268	7.54482	119.922	146.58	0.773066	0.944912	15.019	18.3576	-0.495357	-1.17471	-0.1152	44.4958	3.219	1.734	-0.333	42.492	1.99969	6.39875	30	35.368	-0.072	-53.371	0.0456	26.878	16.653	444.958	100	0	48.332	52.121	0.883	0.7112
2024/12/11	10:01:30	2024/12/11	10:01:42	8.90039	10.8789	105.68	129.172	0.406273	0.496584	4.82393	5.89625	1.1048	-1.17471	-0.1152	44.5373	3.192	2.058	-0.391	57.535	2	6.38031	30	35.361	-0.072	-53.408	0.0491	26.878	16.655	445.373	100	0	48.333	52.121	0.858	0.6912
2024/12/11	10:01:31	2024/12/11	10:01:43	8.53266	10.4294	110.76	135.382	0.298032	0.364282	3.86868	4.72866	1.4744	-1.23997	-0.1216	44.469	4.674	-0.037	1.233	-40.478	1.99937	6.38812	30	35.368	-0.076	-53.332	0.0492	26.595	16.657	444.69	100	0	48.334	52.129	0.861	0.6864
2024/12/11	10:01:32	2024/12/11	10:01:44	8.80135	10.7578	117.495	143.613	0.155539	0.190114	2.07638	2.53795	1.66343	-1.30524	-0.128	44.4617	4.688	0.087	1.063	-36.567	2	6.37375	30	35.368	-0.08	-53.424	0.039	27.004	16.66	444.617	100	0	48.334	52.125	0.895	0.7245
2024/12/11	10:01:33	2024/12/11	10:01:45	7.91538	9.67491	125.988	153.994	0.0884921	0.108163	1.40851	1.72161	1.44419	-1.12577	-0.1104	44.5276	3.277	2.343	-0.362	51.964	2.00031	6.36406	30	35.375	-0.069	-53.623	0.0472	26.966	16.66	445.276	100	0	48.332	52.129	0.891	0.7205
2024/12/11	10:01:34	2024/12/11	10:01:46	6.38017	7.79843	136.19	166.464	0.0561816	0.0686703	1.19924	1.46582	1.43269	-1.12577	-0.1104	44.4544	3.114	1.895	-0.307	42.729	1.99969	6.38187	30.0156	35.384	-0.069	-53.697	0.0467	26.851	16.66	444.544	100	0	48.341	52.136	0.815	0.6564
2024/12/11	10:01:35	2024/12/11	10:01:47	37.6088	45.9689	110.187	134.68	16.6422	20.3416	48.7584	59.597	-2.75439	-1.17471	-0.1152	44.5959	5.211	0.047	0.834	-53.376	1.99969	6.38438	30	35.398	-0.072	-53.597	0.0715	26.792	16.662	445.959	100	0	48.336	52.125	0.805	0.6467
2024/12/11	10:01:36	2024/12/11	10:01:48	-114.068	-139.424	110.54	135.113	-68.7876	-84.0785	66.6605	81.4786	10.9164	-1.30524	-0.128	44.5202	5.742	0.104	0.05	-35.186	2.00062	6.37281	29.9844	35.391	-0.08	-53.783	0.0521	26.922	16.664	445.202	100	0	48.332	52.121	0.885	0.714
2024/12/11	10:01:37	2024/12/11	10:01:49	32.2456	39.4136	113.555	138.798	17.7213	21.6606	62.4069	76.2794	-2.33008	-1.23997	-0.1216	44.4666	3.881	0.073	1.108	-19.467	1.99969	6.39063	30	35.406	-0.076	-53.738	0.0415	27.066	16.665	444.666	100	0	48.33	52.129	0.896	0.7271
2024/12/11	10:01:38	2024/12/11	10:01:50	16.2956	19.9179	102.495	125.278	7.85051	9.59561	49.3775	60.3537	-1.5425	-1.50102	-0.1472	44.4568	3.315	2.295	-0.403	61.336	2	6.38281	30	35.41	-0.092	-53.936	0.0483	26.87	16.667	444.568	100	0	48.334	52.125	0.86	0.6925
2024/12/11	10:01:39	2024/12/11	10:01:51	5.90337	7.21564	185.615	226.876	0.00846789	0.0103502	0.266249	0.325434	0.275852	-1.17471	-0.1152	44.4641	2.711	0.362	0.236	16.576	1.99969	6.3775	30	35.41	-0.072	-53.969	0.0475	26.772	16.671	444.641	100	0	48.334	52.129	0.84	0.6743
2024/12/11	10:01:40	2024/12/11	10:01:52	9.28029	11.3432	117.192	143.243	0.227147	0.27764	2.86843	3.50606	1.56004	-1.17471	-0.1152	44.4446	3.131	2.201	-0.327	38.729	2	6.36313	30	35.42	-0.072	-54.096	0.0455	26.726	16.672	444.446	100	0	48.333	52.121	0.891	0.7142
2024/12/11	10:01:41	2024/12/11	10:01:53	6.75349	8.25474	128.962	157.629	-0.018076	-0.0220941	-0.345171	-0.4219	1.64415	-1.17471	-0.1152	44.4812	3.472	0.562	-0.376	-6.349	2	6.36062	30	35.432	-0.072	-54.261	0.0514	26.647	16.674	444.812	100	0	48.338	52.129	0.895	0.7148
2024/12/11	10:01:42	2024/12/11	10:01:54	5.43857	6.64752	138.36	169.117	-0.0534376	-0.0653164	-1.35948	-1.66169	1.28626	-1.17471	-0.1152	44.5105	3.068	0.181	0.514	19.624	1.99969	6.38625	30	35.415	-0.072	-54.155	0.0478	26.584	16.676	445.105	100	0	48.333	52.121	0.849	0.6768
2024/12/11	10:01:43	2024/12/11	10:01:55	202.608	247.646	110.909	135.563	102.69	125.517	56.2129	68.7086	-16.8996	-1.17471	-0.1152	44.4324	3.212	0.145	0.749	15.881	1.99969	6.38875	30	35.429	-0.072	-54.2	0.0508	26.589	16.678	444.324	100	0	48.335	52.121	0.847	0.675
2024/12/11	10:01:44	2024/12/11	10:01:56	7.17091	8.76494	175.568	214.595	-0.103594	-0.126623	-2.53634	-3.10015	0.842308	-1.23997	-0.1216	44.4812	3.415	0.078	0.871	14.425	1.99969	6.39656	30	35.43	-0.076	-54.232	0.0509	26.695	16.678	444.812	100	0	48.332	52.129	0.891	0.7134
2024/12/11	10:01:45	2024/12/11	10:01:57	19.5508	23.8968	110.964	135.63	9.53562	11.6553	54.1209	66.1515	-1.38116	-1.12577	-0.1104	44.5154	3.668	0.053	0.903	5.363	2.00094	6.36281	29.9844	35.446	-0.069	-54.311	0.045	26.969	16.681	445.154	100	0	48.332	52.125	0.894	0.7227
2024/12/11	10:01:46	2024/12/11	10:01:58	7.02187	8.58278	190.741	233.141	-0.0117534	-0.014366	-0.319266	-0.390236	0.326685	-1.30524	-0.128	44.508	3.954	0.045	1.198	-13.272	1.99906	6.375	30.0156	35.447	-0.08	-54.339	0.0456	26.602	16.683	445.08	100	0	48.334	52.121	0.881	0.703
2024/12/11	10:01:47	2024/12/11	10:01:59	8.49399	10.3821	108.329	132.409	0.207802	0.253995	2.65022	3.23934	1.29188	-1.30524	-0.128	44.5105	3.198	1.829	-0.316	50.785	2.00062	6.41594	30	35.454	-0.08	-54.553	0.043	26.687	16.685	445.105	100	0	48.334	52.129	0.892	0.7135
2024/12/11	10:01:48	2024/12/11	10:02:00	7.92457	9.68614	121.105	148.026	0	0	0	0	1.71085	-1.17471	-0.1152	44.4422	3.214	2.505	-0.415	64.276	1.99969	6.35219	30	35.451	-0.072	-54.585	0.0492	26.561	16.686	444.422	100	0	48.335	52.121	0.842	0.6701
2024/12/11	10:01:49	2024/12/11	10:02:01	6.65885	8.13906	124.094	151.678	0.0472539	0.0577581	0.880619	1.07637	1.56647	-1.23997	-0.1216	44.4739	3.293	2.339	-0.321	48.786	1.99969	6.39625	30	35.468	-0.076	-54.664	0.045	26.563	16.69	444.739	100	0	48.338	52.121	0.855	0.6807
2024/12/11	10:01:50	2024/12/11	10:02:02	31.4292	38.4157	109.642	134.015	13.6242	16.6528	47.5286	58.0939	-2.52442	-1.30524	-0.128	44.5178	2.976	1.853	-0.38	39.108	2.00062	6.38156	30	35.472	-0.08	-54.728	0.0531	26.598	16.692	445.178	100	0	48.333	52.121	0.834	0.6648
2024/12/11	10:01:51	2024/12/11	10:02:03	172.05	210.295	110.529	135.099	85.2937	104.254	54.7949	66.9754	-15.0735	-1.17471	-0.1152	44.491	5.394	0.01	0.34	-48.506	2.00031	6.35406	30	35.473	-0.072	-54.7	0.04	26.7	16.693	444.91	100	0	48.336	52.132	0.892	0.7141
2024/12/11	10:01:52	2024/12/11	10:02:04	7.28624	8.90591	161.052	196.853	-0.0950214	-0.116144	-2.10032	-2.5672	0.936446	-1.30524	-0.128	44.4836	3.414	0.108	0.774	16.846	1.99937	6.37281	30	35.494	-0.08	-54.757	0.0504	26.609	16.697	444.836	100	0	48.334	52.125	0.885	0.7061
2024/12/11	10:01:53	2024/12/11	10:02:05	7.24382	8.85406	179.902	219.893	0.126964	0.155187	3.15319	3.85411	0.512729	-1.43576	-0.1408	44.4788	3.758	-0.013	1.234	-5.773	2.00031	6.40531	30	35.484	-0.088	-54.782	0.0505	26.655	16.697	444.788	100	0	48.333	52.125	0.879	0.702
2024/12/11	10:01:54	2024/12/11	10:02:06	6.35433	7.76685	187.808	229.556	0.0152854	0.0186832	0.451773	0.552198	0.637951	-1.3705	-0.1344	44.5349	4.016	-0.051	1.281	-27.464	2.00031	6.37	30	35.492	-0.084	-54.831	0.0481	26.537	16.697	445.349	100	0	48.334	52.125	0.867	0.69
2024/12/11	10:01:55	2024/12/11	10:02:07	8.65065	10.5736	113.773	139.064	0.37319	0.456147	4.90818	5.99923	1.67158	-1.17471	-0.1152	44.491	3.218	2.108	-0.362	59.153	2	6.36125	30	35.494	-0.072	-55.066	0.0468	26.904	16.699	444.91	100	0	48.333	52.125	0.872	0.7032
2024/12/11	10:01:56	2024/12/11	10:02:08	6.73478	8.23187	130.328	159.299	-0.00137781	-0.00168408	-0.0266626	-0.0325894	1.50634	-1.30524	-0.128	44.4373	5.088	-0.095	0.806	-23.955	2	6.3925	30.0156	35.497	-0.08	-54.975	0.046	27.033	16.7	444.373	100	0	48.333	52.129	0.891	0.7221
2024/12/11	10:01:57	2024/12/11	10:02:09	22.4087	27.39	102.045	124.729	8.73337	10.6747	39.7703	48.6109	-2.02356	-1.54997	-0.152	44.4958	3.233	2.038	-0.308	41.117	2.00031	6.38156	30	35.503	-0.095	-55.191	0.0414	26.831	16.702	444.958	100	0	48.336	52.125	0.856	0.6882
2024/12/11	10:01:58	2024/12/11	10:02:10	6.00022	7.33402	162.416	198.52	0.178028	0.217603	4.81895	5.89016	-0.21696	-1.30524	-0.128	44.4666	5.547	-0.012	0.348	-33.681	1.99937	6.38344	29.9844	35.508	-0.08	-55.144	0.0382	26.849	16.704	444.666	100	0	48.334	52.129	0.818	0.6583
2024/12/11	10:01:59	2024/12/11	10:02:11	7.08319	8.65773	163.476	199.815	-0.0517782	-0.0632881	-1.19501	-1.46065	0.964532	-1.30524	-0.128	44.5056	3.131	0.099	0.642	17.014	2	6.3675	30	35.533	-0.08	-55.257	0.0538	26.687	16.704	445.056	100	0	48.336	52.125	0.892	0.7134
2024/12/11	10:02:00	2024/12/11	10:02:12	8.33219	10.1844	101.786	124.413	0.586667	0.717078	7.16674	8.75985	0.883634	-1.3705	-0.1344	44.4592	3.535	0	1.029	7.448	2.00062	6.36469	30	35.521	-0.084	-55.285	0.0489	26.881	16.706	444.592	100	0	48.338	52.125	0.867	0.6984
2024/12/11	10:02:01	2024/12/11	10:02:13	8.1189	9.92366	122.478	149.704	1.80962	2.21188	27.299	33.3674	-0.55327	-1.12577	-0.1104	44.4641	3.598	0.033	1.141	-3.651	2	6.36156	30	35.542	-0.069	-55.316	0.0452	26.935	16.704	444.641	100	0	48.335	52.129	0.884	0.7137
2024/12/11	10:02:02	2024/12/11	10:02:14	7.98885	9.7647	115.234	140.85	0.208499	0.254846	3.00746	3.676	1.85497	-1.3705	-0.1344	44.5276	3.186	1.785	-0.345	48.918	1.99969	6.38281	30	35.532	-0.084	-55.519	0.0463	26.911	16.707	445.276	100	0	48.333	52.129	0.883	0.7128
2024/12/11	10:02:03	2024/12/11	10:02:15	8.00583	9.78546	114.786	140.302	0.208942	0.255388	2.99578	3.66171	1.85895	-1.30524	-0.128	44.4812	3.226	2.067	-0.381	58.728	1.99969	6.35813	30	35.542	-0.08	-55.591	0.0464	26.907	16.707	444.812	100	0	48.333	52.129	0.871	0.7025
2024/12/11	10:02:04	2024/12/11	10:02:16	6.03297	7.37405	149.556	182.801	0.136374	0.166689	3.38067	4.13217	1.20335	-1.17471	-0.1152	44.4641	4.687	-0.079	0.812	-16.096	2.00062	6.385	30	35.547	-0.072	-55.493	0.0612	27.011	16.709	444.641	100	0	48.333	52.132	0.895	0.725
2024/12/11	10:02:05	2024/12/11	10:02:17	48.0355	58.7134	111.428	136.197	25.918	31.6793	60.1218	73.4864	-3.75438	-1.23997	-0.1216	44.5276	5.209	0.118	0.497	-25.065	1.99969	6.36625	30	35.547	-0.076	-55.586	0.0382	27.028	16.711	445.276	100	0	48.336	52.125	0.897	0.7269
2024/12/11	10:02:06	2024/12/11	10:02:18	9.65731	11.804	106.97	130.748	0.523935	0.640402	5.8034	7.09344	1.18534	-1.17471	-0.1152	44.5129	5.468	0.017	0.74	-42.186	2.00031	6.38594	30	35.546	-0.072	-55.615	0.06	26.98	16.713	445.129	100	0	48.328	52.129	0.892	0.7214
2024/12/11	10:02:07	2024/12/11	10:02:19	9.65791	11.8048	106.961	130.738	0.523968	0.640442	5.80293	7.09288	1.18534	-1.3705	-0.1344	44.4739	3.318	0.185	0.864	15.029	1.99969	6.385	30	35.576	-0.084	-55.783	0.0429	26.679	16.714	444.739	100	0	48.334	52.125	0.89	0.7118
2024/12/11	10:02:08	2024/12/11	10:02:20	5.90734	7.22049	187.6	229.302	0.0500345	0.0611567	1.58895	1.94216	0.123239	-1.30524	-0.128	44.4763	3.782	-0.001	1.14	-6.205	2.00031	6.35344	29.9844	35.57	-0.08	-55.786	0.049	26.892	16.716	444.763	100	0	48.332	52.121	0.881	0.7099
2024/12/11	10:02:09	2024/12/11	10:02:21	17.5893	21.4993	102.12	124.82	6.42648	7.85504	37.3108	45.6046	-1.6143	-1.30524	-0.128	44.5007	2.966	1.494	-0.361	45.242	2	6.38438	30	35.558	-0.08	-55.987	0.0479	26.54	16.72	445.007	100	0	48.334	52.125	0.806	0.6417
2024/12/11	10:02:10	2024/12/11	10:02:22	17.5705	21.4763	102.188	124.903	6.41959	7.84661	37.3356	45.635	-1.6126	-1.30524	-0.128	44.491	4.72	0.181	-0.23	-33.251	2	6.38875	30	35.573	-0.08	-56.135	0.074	26.629	16.721	444.91	100	0	48.334	52.121	0.871	0.6954
2024/12/11	10:02:11	2024/12/11	10:02:23	7.13768	8.72433	171.354	209.444	0.162331	0.198416	3.89707	4.76335	0.599674	-1.23997	-0.1216	44.508	4.763	-0.045	0.874	-19.62	2.00062	6.40406	30	35.58	-0.076	-55.914	0.0715	26.552	16.725	445.08	100	0	48.332	52.125	0.828	0.6593
2024/12/11	10:02:12	2024/12/11	10:02:24	6.10536	7.46254	182.803	223.439	0.158703	0.193982	4.7518	5.80809	0.629644	-1.23997	-0.1216	44.4495	2.967	0.27	0.424	18.338	1.99937	6.36906	30	35.582	-0.076	-56.126	0.0479	26.728	16.728	444.495	100	0	48.334	52.129	0.897	0.7186
2024/12/11	10:02:13	2024/12/11	10:02:25	7.61095	9.3028	205.296	250.932	-0.00591837	-0.00723397	-0.159641	-0.195128	0.144846	-1.17471	-0.1152	44.4714	3.572	1.029	-0.328	8.266	1.99969	6.38406	30	35.585	-0.072	-56.362	0.0486	26.426	16.728	444.714	100	0	48.34	52.121	0.88	0.6968
2024/12/11	10:02:14	2024/12/11	10:02:26	7.15102	8.74064	128.559	157.136	0.144632	0.176783	2.60015	3.17814	1.50303	-1.30524	-0.128	44.4592	3.35	0.113	1.048	10.851	2.00031	6.36688	30	35.599	-0.08	-56.199	0.0542	26.655	16.73	444.592	100	0	48.337	52.125	0.891	0.712
2024/12/11	10:02:15	2024/12/11	10:02:27	-9.99196	-12.2131	114.183	139.566	-5.24671	-6.41302	59.957	73.285	1.07238	-1.50102	-0.1472	44.53	3.35	0.113	1.048	10.851	2	6.40937	30	35.601	-0.092	-56.199	0.0516	26.655	16.732	445.3	100	0	48.333	52.129	0.879	0.7023
2024/12/11	10:02:16	2024/12/11	10:02:28	-188.857	-230.839	111.542	136.336	-107.592	-131.508	63.5451	77.6706	16.3147	-1.30524	-0.128	44.4592	4.347	0.127	1.168	-25.322	2	6.37281	29.9844	35.616	-0.08	-56.278	0.0416	26.603	16.735	444.592	100	0	48.332	52.121	0.89	0.7096
2024/12/11	10:02:17	2024/12/11	10:02:29	7.06955	8.64105	175.564	214.59	-0.0428422	-0.0523657	-1.06393	-1.30044	0.753661	-1.43576	-0.1408	44.4788	3.248	2.265	-0.342	53.027	1.99969	6.38344	30	35.606	-0.088	-56.508	0.0447	26.776	16.739	444.788	100	0	48.331	52.125	0.892	0.7164
2024/12/11	10:02:18	2024/12/11	10:02:30	5.70324	6.97103	191.814	234.453	0.0363839	0.0444718	1.22368	1.4957	0.68414	-1.3705	-0.1344	44.4324	3.109	0.218	0.514	22.579	2.00031	6.38438	30	35.625	-0.084	-56.534	0.0496	26.584	16.741	444.324	100	0	48.331	52.129	0.847	0.6753
2024/12/11	10:02:19	2024/12/11	10:02:31	8.16031	9.97427	115.055	140.63	2.15428	2.63316	30.3739	37.1257	-0.690056	-1.30524	-0.128	44.491	3.109	0.218	0.514	22.579	1.99937	6.38406	30	35.618	-0.08	-56.534	0.052	26.525	16.742	444.91	100	0	48.334	52.125	0.797	0.6334
2024/12/11	10:02:20	2024/12/11	10:02:32	6.39264	7.81367	187.883	229.648	0.243134	0.29718	7.14582	8.73428	0	-1.30524	-0.128	44.4348	5.481	0.06	0.154	-50.364	2.00031	6.40031	30	35.637	-0.08	-56.599	0.0906	26.793	16.744	444.348	100	0	48.336	52.129	0.891	0.7154
2024/12/11	10:02:21	2024/12/11	10:02:33	6.50866	7.95548	188.155	229.98	0.138637	0.169454	4.00775	4.89865	-0.0282105	-1.23997	-0.1216	44.4617	2.969	1.402	-0.367	40.986	2.00031	6.37125	30	35.633	-0.076	-56.748	0.0931	26.807	16.746	444.617	100	0	48.334	52.125	0.897	0.7207
2024/12/11	10:02:22	2024/12/11	10:02:34	6.42015	7.8473	98.0326	119.824	1.21995	1.49113	18.628	22.7688	0.202001	-1.23997	-0.1216	44.4251	2.969	1.402	-0.367	40.986	1.99969	6.42594	30	35.635	-0.076	-56.748	0.051	26.689	16.749	444.251	100	0	48.335	52.129	0.9	0.7199
2024/12/11	10:02:23	2024/12/11	10:02:35	7.03874	8.60339	173.401	211.947	-0.0043214	-0.00528201	-0.106459	-0.130123	0.718979	-1.3705	-0.1344	44.4641	4.967	0.146	0.562	-22.272	1.99906	6.38969	30	35.642	-0.084	-56.771	0.0411	26.749	16.749	444.641	100	0	48.332	52.125	0.896	0.7186
2024/12/11	10:02:24	2024/12/11	10:02:36	9.08782	11.108	104.668	127.935	0.512591	0.626536	5.90372	7.21607	1.27595	-1.3705	-0.1344	44.4495	5.328	0.179	0.74	-43.655	2.00062	6.35625	30	35.642	-0.084	-56.792	0.0533	26.555	16.751	444.495	100	0	48.331	52.125	0.851	0.6774
2024/12/11	10:02:25	2024/12/11	10:02:37	7.23407	8.84215	191.572	234.157	0.0469931	0.0574393	1.24447	1.5211	0.101794	-1.23997	-0.1216	44.4446	5.97	-0.006	0.153	-32.984	1.99969	6.35781	30	35.65	-0.076	-56.953	0.0528	26.785	16.755	444.446	100	0	48.331	52.129	0.808	0.6487
2024/12/11	10:02:26	2024/12/11	10:02:38	6.6509	8.12934	190.298	232.6	0.118309	0.144608	3.38509	4.13757	0.102883	-1.23997	-0.1216	44.4446	3.749	0.098	1.061	-1.793	1.99969	6.39938	30	35.662	-0.076	-56.944	0.0489	26.912	16.756	444.446	100	0	48.333	52.125	0.877	0.7074
2024/12/11	10:02:27	2024/12/11	10:02:39	92.5651	113.142	102.339	125.088	36.8929	45.0938	40.7883	49.8553	-8.45945	-1.30524	-0.128	44.469	3.308	2.245	-0.478	101.252	1.99969	6.38844	30	35.671	-0.08	-57.152	0.0455	26.979	16.758	444.69	100	0	48.333	52.121	0.889	0.7192
2024/12/11	10:02:28	2024/12/11	10:02:40	5.88467	7.19278	167.445	204.667	0.141905	0.17345	4.03784	4.93542	-0.242108	-1.30524	-0.128	44.4983	3.25	2.393	-0.378	63.352	1.99969	6.37875	30	35.671	-0.08	-57.217	0.0461	26.901	16.76	444.983	100	0	48.335	52.121	0.861	0.694
2024/12/11	10:02:29	2024/12/11	10:02:41	5.33424	6.52	178.183	217.791	-0.0031754	-0.00388127	-0.10607	-0.129648	0.934146	-1.50102	-0.1472	44.4544	5.107	-0.04	0.733	-25.531	2	6.36813	30	35.673	-0.092	-57.121	0.0506	27	16.762	444.544	100	0	48.337	52.129	0.9	0.7282
2024/12/11	10:02:30	2024/12/11	10:02:42	5.74109	7.01728	117.948	144.167	0.716912	0.876275	14.7287	18.0027	-0.431091	-1.3705	-0.1344	44.4666	5.579	0.046	0.901	-56.299	1.99937	6.3625	30	35.675	-0.084	-57.204	0.054	26.88	16.763	444.666	100	0	48.333	52.121	0.839	0.6758
2024/12/11	10:02:31	2024/12/11	10:02:43	8.54727	10.4473	109.069	133.314	0.250106	0.305703	3.19153	3.90098	1.44562	-1.3705	-0.1344	44.5202	3.347	1.142	-0.381	12.035	2	6.3875	30	35.688	-0.084	-57.508	0.0485	26.99	16.765	445.202	100	0	48.332	52.121	0.892	0.7218
2024/12/11	10:02:32	2024/12/11	10:02:44	6.37629	7.79369	134.412	164.29	0.0964403	0.117878	2.03295	2.48486	1.56803	-1.43576	-0.1408	44.4836	5.452	0.268	0	-41.157	2	6.34187	29.9844	35.693	-0.088	-57.474	0.0355	26.815	16.765	444.836	100	0	48.336	52.125	0.81	0.6508
2024/12/11	10:02:33	2024/12/11	10:02:45	1276.46	1560.21	110.426	134.973	641.088	783.596	55.4603	67.7886	-101.39	-1.30524	-0.128	44.4617	5.485	0.151	-0.032	-40.066	2.00031	6.35594	30	35.697	-0.08	-57.523	0.0563	26.975	16.767	444.617	100	0	48.33	52.129	0.892	0.7214
2024/12/11	10:02:34	2024/12/11	10:02:46	5.35088	6.54033	158.413	193.627	-0.115525	-0.141206	-3.42012	-4.18039	1.27943	-1.3705	-0.1344	44.4714	2.834	0.696	0.12	8.473	1.99969	6.36813	30	35.716	-0.084	-57.593	0.0494	26.943	16.767	444.714	100	0	48.334	52.129	0.89	0.7187
2024/12/11	10:02:35	2024/12/11	10:02:47	27.8812	34.0789	98.4989	120.394	14.8235	18.1186	52.3686	64.0097	-2.86461	-1.17471	-0.1152	44.4666	5.041	-0.004	0.693	-24.742	2.00031	6.35687	30	35.711	-0.072	-57.519	0.0446	27.027	16.767	444.666	100	0	48.331	52.125	0.895	0.7248
2024/12/11	10:02:36	2024/12/11	10:02:48	5.27968	6.45332	178.629	218.336	0.0117094	0.0143123	0.396167	0.484231	0.558779	-1.0605	-0.104	44.5422	3.059	0.223	0.578	20.769	1.99906	6.34406	30	35.716	-0.065	-57.684	0.0495	27.003	16.769	445.422	100	0	48.334	52.125	0.897	0.7261
2024/12/11	10:02:37	2024/12/11	10:02:49	6.68425	8.17011	128.138	156.622	0.0931474	0.113853	1.78564	2.18258	1.63543	-1.3705	-0.1344	44.447	5.598	0.047	0.106	-31.829	2.00031	6.40344	30	35.726	-0.084	-57.781	0.0373	27.017	16.772	444.47	100	0	48.334	52.121	0.895	0.7252
2024/12/11	10:02:38	2024/12/11	10:02:51	4.96185	6.06483	148.286	181.248	0.017647	0.0215698	0.527383	0.644616	0.993852	-1.23997	-0.1216	44.4739	5.524	0.127	0.115	-38.473	2.00062	6.33563	29.9844	35.714	-0.076	-57.806	0.0522	26.952	16.772	444.739	100	0	48.334	52.125	0.886	0.7163
2024/12/11	10:02:39	2024/12/11	10:02:51	4.95486	6.05629	149.024	182.151	0.0176221	0.0215394	0.53001	0.647827	0.992453	-1.3705	-0.1344	44.4178	2.976	1.533	-0.366	57.571	2	6.36719	30	35.721	-0.084	-57.968	0.0488	26.567	16.774	444.178	100	0	48.333	52.129	0.804	0.6407
2024/12/11	10:02:40	2024/12/11	10:02:52	5.47175	6.68807	183.334	224.088	-0.0974248	-0.119081	-3.26428	-3.9899	0.816945	-1.23997	-0.1216	44.4763	4.877	0.152	-0.27	-38.348	2	6.3775	30	35.728	-0.076	-58.171	0.055	26.707	16.776	444.763	100	0	48.33	52.121	0.889	0.7119
2024/12/11	10:02:41	2024/12/11	10:02:53	6.03148	7.37222	174.3	213.045	0.106249	0.129867	3.07041	3.75294	0.355669	-1.0605	-0.104	44.5202	5.199	-0.004	1.225	-55.964	2	6.36031	30	35.74	-0.065	-57.905	0.0426	26.779	16.779	445.202	100	0	48.339	52.121	0.896	0.7196
2024/12/11	10:02:42	2024/12/11	10:02:54	8.67962	10.609	113.601	138.854	0.22662	0.276995	2.96605	3.62538	1.36919	-1.30524	-0.128	44.447	3.445	0.556	-0.348	-10.876	2	6.36375	29.9844	35.754	-0.08	-58.24	0.0495	26.697	16.779	444.47	100	0	48.336	52.129	0.897	0.7178
2024/12/11	10:02:43	2024/12/11	10:02:55	8.66662	10.5931	113.812	139.112	0.22628	0.276581	2.97157	3.63212	1.36729	-1.23997	-0.1216	44.4568	3.173	0.12	0.722	16.777	1.99969	6.37625	30	35.748	-0.076	-58.114	0.0523	26.506	16.781	444.568	100	0	48.335	52.125	0.794	0.631
2024/12/11	10:02:44	2024/12/11	10:02:56	7.13714	8.72367	138.237	168.966	0	0	0	0	1.20273	-1.43576	-0.1408	44.4812	3.939	0.077	1.303	-13.104	2.00094	6.37875	30	35.764	-0.088	-58.143	0.0502	26.591	16.783	444.812	100	0	48.334	52.121	0.882	0.7028
2024/12/11	10:02:45	2024/12/11	10:02:57	5.09521	6.22783	173.152	211.643	0.0310477	0.0379494	1.05511	1.28965	0.999176	-1.23997	-0.1216	44.3982	3.229	2.096	-0.345	61.06	1.99969	6.33969	29.9844	35.766	-0.076	-58.342	0.046	26.924	16.786	443.982	100	0	48.332	52.129	0.87	0.7021
2024/12/11	10:02:46	2024/12/11	10:02:58	5.85193	7.15277	182.428	222.98	0.151689	0.185408	4.72873	5.77989	0.668872	-1.23997	-0.1216	44.4641	4.623	-0.129	1.487	-42.638	2	6.34938	30	35.759	-0.076	-58.193	0.052	27.05	16.786	444.641	100	0	48.333	52.125	0.895	0.7257
2024/12/11	10:02:47	2024/12/11	10:02:59	7.38093	9.02165	196.13	239.728	0.0784751	0.0959195	2.08528	2.54882	0.232072	-1.23997	-0.1216	44.4861	2.88	1.979	-0.398	48.937	1.99969	6.34438	29.9844	35.773	-0.076	-58.443	0.0502	26.556	16.79	444.861	100	0	48.337	52.121	0.823	0.655
2024/12/11	10:02:48	2024/12/11	10:03:00	8.12449	9.9305	123.309	150.72	0.264845	0.323717	4.01967	4.91321	1.43855	-1.30524	-0.128	44.5324	5.233	0.015	0.745	-58.056	2.00031	6.39906	30.0156	35.764	-0.08	-58.357	0.0563	26.764	16.79	445.324	100	0	48.332	52.129	0.896	0.7189
2024/12/11	10:02:49	2024/12/11	10:03:01	7.72546	9.44276	135.055	165.077	0.117233	0.143293	2.04946	2.50503	1.51841	-1.30524	-0.128	44.53	3.72	0.067	1.224	-5.449	1.99969	6.39938	30.0156	35.791	-0.08	-58.48	0.0455	26.673	16.793	445.3	100	0	48.334	52.125	0.891	0.7126
2024/12/11	10:02:50	2024/12/11	10:03:02	6.98342	8.53577	160.433	196.096	0.0957652	0.117053	2.20006	2.68911	0.96294	-1.30524	-0.128	44.469	3.981	-0.061	0.931	-8.673	2.00031	6.37156	30	35.783	-0.08	-58.518	0.0475	26.669	16.795	444.69	100	0	48.333	52.125	0.894	0.7146
2024/12/11	10:02:51	2024/12/11	10:03:03	6.93175	8.47262	184.537	225.558	0.163312	0.199615	4.3477	5.31415	0.547343	-1.12577	-0.1104	44.4739	4.351	0.02	1.172	-44.358	2	6.41344	30.0156	35.791	-0.069	-58.564	0.0898	26.728	16.798	444.739	100	0	48.333	52.129	0.899	0.7202
2024/12/11	10:02:52	2024/12/11	10:03:04	6.18137	7.55544	192.44	235.218	0.0646997	0.079082	2.01425	2.462	0.163769	-1.30524	-0.128	44.5251	5.345	-0.123	1.073	-56.215	1.99969	6.37312	30	35.809	-0.08	-58.598	0.0433	26.732	16.798	445.251	100	0	48.334	52.129	0.895	0.7175
2024/12/11	10:02:53	2024/12/11	10:03:05	5.83475	7.13176	185.043	226.176	0.334282	0.408591	10.6014	12.958	-0.0136644	-1.23997	-0.1216	44.5056	5.095	0.116	0.404	-40.366	1.99969	6.37281	30	35.802	-0.076	-58.764	0.0365	26.618	16.798	445.056	100	0	48.33	52.129	0.861	0.6872
2024/12/11	10:02:54	2024/12/11	10:03:06	5.83462	7.13161	185.088	226.232	0.334275	0.408582	10.604	12.9612	-0.0136647	-1.23997	-0.1216	44.5007	3.319	0.112	0.704	15.378	2	6.37469	30	35.805	-0.076	-58.816	0.046	26.595	16.8	445.007	100	0	48.334	52.125	0.876	0.6987
2024/12/11	10:02:55	2024/12/11	10:03:07	5.19641	6.35154	151.832	185.583	0.486347	0.594458	14.2104	17.3692	-0.218072	-1.43576	-0.1408	44.4617	3.319	0.112	0.704	15.378	2.00094	6.42312	30.0156	35.816	-0.088	-58.816	0.0509	26.93	16.802	444.617	100	0	48.332	52.121	0.884	0.7135
2024/12/11	10:02:56	2024/12/11	10:03:08	7.30291	8.92629	186.448	227.894	0.203647	0.248916	5.19925	6.355	0.416671	-1.17471	-0.1152	44.4934	4.03	0	0.913	-6.529	1.99875	6.34719	29.9844	35.824	-0.072	-58.868	0.0505	26.851	16.805	444.934	100	0	48.332	52.129	0.869	0.6992
2024/12/11	10:02:57	2024/12/11	10:03:09	nan	nan	nan	nan	nan	nan	nan	nan	nan	-1.3705	-0.1344	44.4666	5.079	0.04	1.339	-58.794	1.99969	6.37625	30	35.824	-0.084	-58.984	0.0439	26.854	16.805	444.666	100	0	48.333	52.132	0.842	0.6779
2024/12/11	10:02:58	2024/12/11	10:03:10	nan	nan	nan	nan	nan	nan	nan	nan	nan	-1.17471	-0.1152	44.4592	5.343	0.179	0.821	-48.653	1.99969	6.4025	30	35.826	-0.072	-59.053	0.0394	26.895	16.805	444.592	100	0	48.333	52.129	0.855	0.6891
2024/12/11	10:02:59	2024/12/11	10:03:11	nan	nan	nan	nan	nan	nan	nan	nan	nan	-1.23997	-0.1216	44.5154	5.749	0.079	0.243	-32.497	2.00031	6.37781	30	35.829	-0.076	-59.178	0.0394	26.831	16.809	445.154	100	0	48.332	52.121	0.831	0.6683
2024/12/11	10:03:00	2024/12/11	10:03:12	nan	nan	nan	nan	nan	nan	nan	nan	nan	-1.23997	-0.1216	44.447	3.584	0.151	0.853	8.475	1.99969	6.3825	30	35.841	-0.076	-59.211	0.048	26.667	16.809	444.47	100	0	48.336	52.121	0.896	0.7164
2024/12/11	10:03:01	2024/12/11	10:03:13	nan	nan	nan	nan	nan	nan	nan	nan	nan	-1.43576	-0.1408	44.4495	3.926	0.077	1.037	0.41	2	6.42625	30.0156	35.862	-0.088	-59.215	0.0537	26.954	16.809	444.495	100	0	48.336	52.129	0.892	0.7212
2024/12/11	10:03:02	2024/12/11	10:03:14	nan	nan	nan	nan	nan	nan	nan	nan	nan	-1.30524	-0.128	44.4348	4.683	0.083	0.868	-19.322	1.99969	6.405	30	35.838	-0.08	-59.29	0.0479	27.058	16.811	444.348	100	0	48.335	52.125	0.899	0.729
2024/12/11	10:03:03	2024/12/11	10:03:15	nan	nan	nan	nan	nan	nan	nan	nan	nan	-1.23997	-0.1216	44.447	5.353	0.163	0.568	-31.393	2.00031	6.39938	30	35.869	-0.076	-59.342	0.0438	26.979	16.811	444.47	100	0	48.333	52.121	0.899	0.727
2024/12/11	10:03:04	2024/12/11	10:03:16	nan	nan	nan	nan	nan	nan	nan	nan	nan	-1.43576	-0.1408	44.5324	5.618	0.076	0.2	-48.054	2	6.40281	30	35.877	-0.088	-59.494	0.0431	26.814	16.814	445.324	100	0	48.332	51.999	0.798	0.6417
2024/12/11	10:03:05	2024/12/11	10:03:17	nan	nan	nan	nan	nan	nan	nan	nan	nan	-1.30524	-0.128	44.4592	5.402	0.4	-0.017	-50.102	2	6.43063	30	35.871	-0.08	-59.695	0.0413	26.77	16.818	444.592	100	0	48.332	52.121	0.796	0.6389
2024/12/11	10:03:06	2024/12/11	10:03:18	nan	nan	nan	nan	nan	nan	nan	nan	nan	-1.23997	-0.1216	44.4666	5.402	0.4	-0.017	-50.102	1.99969	6.38906	29.9844	35.876	-0.076	-59.695	0.0783	26.919	16.821	444.666	100	0	48.335	52.132	0.87	0.7023
2024/12/11	10:03:07	2024/12/11	10:03:19	nan	nan	nan	nan	nan	nan	nan	nan	nan	-1.12577	-0.1104	44.4641	4.398	0.532	-0.248	-40.308	2.00031	6.41	30	35.877	-0.069	-59.894	0.0423	26.874	16.821	444.641	100	0	48.334	52.129	0.836	0.6738
2024/12/11	10:03:08	2024/12/11	10:03:20	nan	nan	nan	nan	nan	nan	nan	nan	nan	-1.50102	-0.1472	44.4666	5.466	0.197	0.419	-28.797	2	6.38531	30	35.89	-0.092	-59.697	0.0405	27.043	16.825	444.666	100	0	48.335	52.125	0.894	0.7248
